0.0 0.0 
0.1 0.0 
0.0 0.0 
0.1 0.0 
0.0 0.0 
0.0 0.0 
0.0 0.0 
0.0 0.0 
0.1 0.0 
0.271 0.0 
0.0 0.0 
0.0 0.0 
0.0 0.0 
0.7941088679053511 0.0 
0.814697981114816 0.0 
0.7458134171671 0.0 
0.0 0.0 
0.0 0.0 
0.0 0.0 
0.9999760947410011 0.0 
0.999978485266901 0.0 
0.9998955043236682 0.0 
0.0 0.0 
0.0 0.0 
0.0 0.0 
0.9999999997540048 0.0 
0.9999999890806536 0.0 
0.9999999989246946 0.0 
0.0 0.0 
0.0 0.0 
0.0 0.0 
0.9999500200419471 0.0 
0.9999825730661898 0.0 
0.9996300115149649 0.0 
0.0 0.0 
0.0 0.0 
0.0 0.0 
0.9999999995834048 0.0 
0.999999981507991 0.0 
0.9999999996963022 0.0 
0.0 0.0 
0.0 0.0 
0.0 0.0 
0.0 0.0 
0.0 0.0 
0.0 0.0 
0.0 0.0 
0.0 0.0 
0.0 0.0 
0.0 0.0 
0.0 0.0 
0.0 0.0 
0.0 0.0 
0.0 0.0 
0.0 0.0 
0.8649148282327008 -2.0 
0.5217031000000001 -2.0 
0.5695327900000001 -2.0 
0.0 0.0 
0.0 0.0 
0.0 0.0 
0.9997572505549683 -2.0 
0.999140495544283 -1.4191633058465862 
0.9997003093271215 -0.948773704851102 
0.0 0.0 
0.0 0.0 
0.0 0.0 
0.9999999890806536 -1.4190000031621335 
0.9999999522688926 -0.948390014773255 
0.9999998891179019 -0.567196025098701 
0.0 0.0 
0.0 0.0 
0.0 0.0 
0.9999382963480828 -2.0 
0.9998838936929647 -1.4190415101551004 
0.9994360791266039 -1.4197138494039658 
0.0 0.0 
0.0 0.0 
0.0 0.0 
0.9999500200419471 -2.0 
0.9999939236039033 -0.2599988960651687 
0.9999843157595708 0.9206075384027963 
0.0 0.0 
0.0 0.0 
0.0 0.0 
0.0 0.0 
0.0 0.0 
0.0 0.0 
0.0 0.0 
0.0 0.0 
0.0 0.0 
0.0 0.0 
0.0 0.0 
0.0 0.0 
0.0 0.0 
0.0 0.0 
0.0 0.0 
0.095 -2.0 
0.26085155000000004 0.0 
0.0 0.0882208803 
0.0 0.0 
0.0 0.0 
0.0 0.0 
0.49646517475492447 -2.0 
0.47880442086239194 -2.0 
0.49646517475492447 0.20156335232036304 
0.0 0.0 
0.0 0.0 
0.0 0.0 
0.49999031837010544 -2.0 
0.49999662422439073 -2.0 
0.49999031837010544 -0.7780710595655926 
0.0 0.0 
0.0 0.0 
0.0 0.0 
0.49889073438276893 -2.0 
0.4981214489369319 -1.1135894749156037 
0.49863053627502335 -0.5211503273027973 
0.0 0.0 
0.0 0.0 
0.0 0.0 
0.4979127210410354 -2.0 
0.49900166094449205 -2.0 
0.4996519006954346 -1.105080382288057 
0.0 0.0 
0.0 0.0 
0.0 0.0 
0.0 0.0 
0.0 0.0 
0.0 0.0 
0.0 0.0 
0.0 0.0 
0.0 0.0 
0.0 0.0 
0.0 0.0 
0.0 0.0 
0.0 0.0 
0.0 0.0 
0.0 0.0 
0.0 0.0 
0.0 -2.0 
0.0 0.11646528478203 
0.0 0.0 
0.0 0.0 
0.0 0.0 
0.23919015450633332 -2.0 
0.2715659937049386 -1.5474886352214754 
0.1365033333333333 -2.0 
0.0 0.0 
0.0 0.0 
0.0 0.0 
0.3301007542340416 -2.0 
0.33121243818628804 -2.0 
0.32974157877856475 -1.156186700356527 
0.0 0.0 
0.0 0.0 
0.0 0.0 
0.3067445189743758 -2.0 
0.3117963937025778 -1.5399298693116623 
0.3067445189743758 -1.5386131941424466 
0.0 0.0 
0.0 0.0 
0.0 0.0 
0.3067445189743758 -2.0 
0.30050763659387963 0.18525567929800724 
0.17390103333333332 -1.5842999999999998 
0.0 0.0 
0.0 0.0 
0.0 0.0 
0.0 0.0 
0.0 0.0 
0.0 0.0 
0.0 0.0 
0.0 0.0 
0.0 0.0 
0.0 0.0 
0.0 0.0 
0.0 0.0 
0.0 0.0 
0.0 0.0 
0.0 0.0 
0.0 0.0 
0.0 0.0 
0.0 0.0 
0.0 0.0 
0.0 0.0 
0.0 0.0 
0.08597500000000001 -2.0 
0.0475 0.0 
0.0 0.17127908786513174 
0.0 0.0 
0.0 0.0 
0.0 0.0 
0.1715473509775 -2.0 
0.1715473509775 -1.56996910275 
0.15314487775000002 -1.5784147499999999 
0.0 0.0 
0.0 0.0 
0.0 0.0 
0.15314487775000002 -2.0 
0.15314487775000002 -2.0 
0.025 -1.585725 
0.0 0.0 
0.0 0.0 
0.0 0.0 
0.10237750000000001 -2.0 
0.0 0.0 
0.10237750000000001 0.0 
0.0 0.0 
0.0 0.0 
0.0 0.0 
0.0 0.0 
0.0 0.0 
0.0 0.0 
0.0 0.0 
0.0 0.0 
0.0 0.0 
0.0 0.0 
0.0 0.0 
0.0 0.0 
0.0 0.0 
0.0 0.0 
0.0 0.0 
0.0 0.0 
0.0 0.0 
0.0 0.0 
0.0 0.0 
0.0 0.0 
0.0 0.0 
0.0 0.0 
0.0 0.0 
0.0 0.0 
0.0 0.0 
0.0 0.0 
0.0 0.0 
0.0 0.0 
0.0 0.0 
0.0 0.0 
0.0 0.0 
0.0 0.0 
0.0 0.0 
0.0 0.0 
0.0 0.0 
0.0 0.0 
0.0 0.0 
0.0 0.0 
0.0 0.0 
0.0 0.0 
0.0 0.0 
0.0 0.0 
0.0 0.0 
0.0 0.0 
