0.0 0.0 
0.1 0.0 
0.0 0.0 
0.1 0.0 
0.0 0.0 
0.0 0.0 
0.0 0.0 
0.0 0.0 
0.1 0.0 
0.1 0.0 
0.0 0.0 
0.0 0.0 
0.0 0.0 
0.7712320754503901 0.0 
0.68618940391 0.0 
0.717570463519 0.0 
0.0 0.0 
0.0 0.0 
0.0 0.0 
0.9995889016832943 0.0 
0.9997815254994715 0.0 
0.9996300115149649 0.0 
0.0 0.0 
0.0 0.0 
0.0 0.0 
0.9999999850214727 0.0 
0.999999646659165 0.0 
0.9999998631085208 0.0 
0.0 0.0 
0.0 0.0 
0.0 0.0 
0.9996300115149649 0.0 
0.9998033729495244 0.0 
0.9977814687655379 0.0 
0.0 0.0 
0.0 0.0 
0.0 0.0 
0.9999999901725882 0.0 
0.9999989866283822 0.0 
0.999999961337803 0.0 
0.0 0.0 
0.0 0.0 
0.0 0.0 
0.0 0.0 
0.0 0.0 
0.0 0.0 
0.0 0.0 
0.0 0.0 
0.0 0.0 
0.0 0.0 
0.0 0.0 
0.0 0.0 
0.0 0.0 
0.0 0.0 
0.0 0.0 
0.7941088679053511 -2.0 
0.40951000000000004 -2.0 
0.40951000000000004 -2.0 
0.0 0.0 
0.0 0.0 
0.0 0.0 
0.9992264459898547 -1.4198812955604518 
0.9962428978738638 0.4602149824713967 
0.999140495544283 -1.4193414319569837 
0.0 0.0 
0.0 0.0 
0.0 0.0 
0.9999997913557703 -2.0 
0.9999980931625188 -2.0 
0.999990738612869 0.4911287952199731 
0.0 0.0 
0.0 0.0 
0.0 0.0 
0.9995432240925493 -2.0 
0.9989388833880036 -1.4191814509406513 
0.9962428978738638 -1.4197138494039658 
0.0 0.0 
0.0 0.0 
0.0 0.0 
0.9995889016832943 -2.0 
0.9999153585021713 -0.5691303517873392 
0.999823035654572 0.7996576949008758 
0.0 0.0 
0.0 0.0 
0.0 0.0 
0.0 0.0 
0.0 0.0 
0.0 0.0 
0.0 0.0 
0.0 0.0 
0.0 0.0 
0.0 0.0 
0.0 0.0 
0.0 0.0 
0.0 0.0 
0.0 0.0 
0.0 0.0 
0.095 -2.0 
0.20475500000000002 0.0 
0.0 0.059403 
0.0 0.0 
0.0 0.0 
0.0 0.0 
0.4940137424087189 -2.0 
0.46011677846156374 -2.0 
0.4908759981842996 0.10708020878633012 
0.0 0.0 
0.0 0.0 
0.0 0.0 
0.49989076274973576 -2.0 
0.49996572019337937 -1.1031845007130918 
0.499911517827286 -1.504515130451534 
0.0 0.0 
0.0 0.0 
0.0 0.0 
0.49461236816784704 -2.0 
0.49178839836586963 -1.1135894749156037 
0.4960724163943605 -1.1118602010346463 
0.0 0.0 
0.0 0.0 
0.0 0.0 
0.4908759981842996 -2.0 
0.4933486026763544 -2.0 
0.49863053627502335 -1.105080382288057 
0.0 0.0 
0.0 0.0 
0.0 0.0 
0.0 0.0 
0.0 0.0 
0.0 0.0 
0.0 0.0 
0.0 0.0 
0.0 0.0 
0.0 0.0 
0.0 0.0 
0.0 0.0 
0.0 0.0 
0.0 0.0 
0.0 0.0 
0.0 0.0 
0.0 -2.0 
0.0 0.059403 
0.0 0.0 
0.0 0.0 
0.0 0.0 
0.2171071866333333 -2.0 
0.23919015450633332 -2.0 
0.06333333333333332 0.3741591647195828 
0.0 0.0 
0.0 0.0 
0.0 0.0 
0.3258238668183536 -2.0 
0.3272506654561998 -2.0 
0.31588841223242137 -2.0 
0.0 0.0 
0.0 0.0 
0.0 0.0 
0.30050763659387963 -2.0 
0.29280778180314354 -1.5399298693116623 
0.29280778180314354 -1.5528746710857 
0.0 0.0 
0.0 0.0 
0.0 0.0 
0.29280778180314354 -2.0 
0.28830494274423357 0.13080930134412752 
0.11463333333333332 -1.5842999999999998 
0.0 0.0 
0.0 0.0 
0.0 0.0 
0.0 0.0 
0.0 0.0 
0.0 0.0 
0.0 0.0 
0.0 0.0 
0.0 0.0 
0.0 0.0 
0.0 0.0 
0.0 0.0 
0.0 0.0 
0.0 0.0 
0.0 0.0 
0.0 0.0 
0.0 0.0 
0.0 0.0 
0.0 0.0 
0.0 0.0 
0.0 0.0 
0.08597500000000001 -2.0 
0.025 0.0 
0.0 0.1441476256148676 
0.0 0.0 
0.0 0.0 
0.0 0.0 
0.16283038997500002 -2.0 
0.13042577500000002 -1.56996910275 
0.13042577500000002 -1.5784147499999999 
0.0 0.0 
0.0 0.0 
0.0 0.0 
0.13042577500000002 -2.0 
0.14238319750000003 -2.0 
0.025 -1.585725 
0.0 0.0 
0.0 0.0 
0.0 0.0 
0.06775 -2.0 
0.0 0.0 
0.10237750000000001 0.0 
0.0 0.0 
0.0 0.0 
0.0 0.0 
0.0 0.0 
0.0 0.0 
0.0 0.0 
0.0 0.0 
0.0 0.0 
0.0 0.0 
0.0 0.0 
0.0 0.0 
0.0 0.0 
0.0 0.0 
0.0 0.0 
0.0 0.0 
0.0 0.0 
0.0 0.0 
0.0 0.0 
0.0 0.0 
0.0 0.0 
0.0 0.0 
0.0 0.0 
0.0 0.0 
0.0 0.0 
0.0 0.0 
0.0 0.0 
0.0 0.0 
0.0 0.0 
0.0 0.0 
0.0 0.0 
0.0 0.0 
0.0 0.0 
0.0 0.0 
0.0 0.0 
0.0 0.0 
0.0 0.0 
0.0 0.0 
0.0 0.0 
0.0 0.0 
0.0 0.0 
0.0 0.0 
0.0 0.0 
0.0 0.0 
0.0 0.0 
