0.0 0.0 
0.1 0.0 
0.0 0.0 
0.1 0.0 
0.0 0.0 
0.0 0.0 
0.0 0.0 
0.0 0.0 
0.1 0.0 
0.271 0.0 
0.0 0.0 
0.0 0.0 
0.0 0.0 
0.8332281830033343 0.0 
0.8905810108684877 0.0 
0.7712320754503901 0.0 
0.0 0.0 
0.0 0.0 
0.0 0.0 
0.9999955703072454 0.0 
0.9999976458796528 0.0 
0.9999858841836138 0.0 
0.0 0.0 
0.0 0.0 
0.0 0.0 
0.9999999999955111 0.0 
0.9999999996625579 0.0 
0.9999999999931583 0.0 
0.0 0.0 
0.0 0.0 
0.0 0.0 
0.9999945312435129 0.0 
0.9999973843107253 0.0 
0.9999595162339772 0.0 
0.0 0.0 
0.0 0.0 
0.0 0.0 
0.9999999999923981 0.0 
0.9999999995371164 0.0 
0.9999999999923981 0.0 
0.0 0.0 
0.0 0.0 
0.0 0.0 
0.0 0.0 
0.0 0.0 
0.0 0.0 
0.0 0.0 
0.0 0.0 
0.0 0.0 
0.0 0.0 
0.0 0.0 
0.0 0.0 
0.0 0.0 
0.0 0.0 
0.0 0.0 
0.8784233454094308 -2.0 
0.5217031000000001 -2.0 
0.6513215599000001 -1.485248903619 
0.0 0.0 
0.0 0.0 
0.0 0.0 
0.9999382963480828 -2.0 
0.9998566588802033 -1.4191633058465862 
0.9999635646105794 -0.2587052192374506 
0.0 0.0 
0.0 0.0 
0.0 0.0 
0.9999999994856849 -2.0 
0.9999999965733934 -1.4190000011025679 
0.9999999981789607 0.4912606171895475 
0.0 0.0 
0.0 0.0 
0.0 0.0 
0.9999939236039033 -2.0 
0.9999704873345693 -1.4190415101551004 
0.9999059538913014 -0.5672738887356196 
0.0 0.0 
0.0 0.0 
0.0 0.0 
0.9999955703072454 -2.0 
0.9999996073990722 -1.419000102323973 
0.9329990879655439 0.9466916091253028 
0.0 0.0 
0.0 0.0 
0.0 0.0 
0.0 0.0 
0.0 0.0 
0.0 0.0 
0.0 0.0 
0.0 0.0 
0.0 0.0 
0.0 0.0 
0.0 0.0 
0.0 0.0 
0.0 0.0 
0.0 0.0 
0.0 0.0 
0.1355 -2.0 
0.28476639500000006 0.07460561505000002 
0.05 0.17127908786513174 
0.0 0.0 
0.0 0.0 
0.0 0.0 
0.49847837363891484 -2.0 
0.4908759981842996 -1.5060602043104847 
0.4979127210410354 0.20156335232036304 
0.0 0.0 
0.0 0.0 
0.0 0.0 
0.49999894064584377 -2.0 
0.49999987120726563 -1.5045000701810514 
0.49999854683929185 -0.7780710595655926 
0.0 0.0 
0.0 0.0 
0.0 0.0 
0.4997462356069718 -2.0 
0.49952249752460165 -1.1135894749156037 
0.4995702477721415 -0.5211503273027973 
0.0 0.0 
0.0 0.0 
0.0 0.0 
0.4994694416940018 -2.0 
0.4996867106258911 -2.0 
0.499911517827286 -0.5160900265368422 
0.0 0.0 
0.0 0.0 
0.0 0.0 
0.0 0.0 
0.0 0.0 
0.0 0.0 
0.0 0.0 
0.0 0.0 
0.0 0.0 
0.0 0.0 
0.0 0.0 
0.0 0.0 
0.0 0.0 
0.0 0.0 
0.0 0.0 
0.0 0.0 
0.0 -2.0 
0.0 0.11646528478203 
0.0 0.0 
0.0 0.0 
0.0 0.0 
0.23919015450633332 -2.0 
0.2833017882343336 -1.5474886352214754 
0.1365033333333333 -1.5666579299999999 
0.0 0.0 
0.0 0.0 
0.0 0.0 
0.33161540826422664 -2.0 
0.3325938229218459 -1.5332643886681354 
0.33220620269549245 -1.156186700356527 
0.0 0.0 
0.0 0.0 
0.0 0.0 
0.31920294724159465 -2.0 
0.3258238668183536 -1.5399298693116623 
0.31588841223242137 -1.5386131941424466 
0.0 0.0 
0.0 0.0 
0.0 0.0 
0.3117963937025778 -2.0 
0.31395008766565335 0.18525567929800724 
0.2041931703333333 -1.5842999999999998 
0.0 0.0 
0.0 0.0 
0.0 0.0 
0.0 0.0 
0.0 0.0 
0.0 0.0 
0.0 0.0 
0.0 0.0 
0.0 0.0 
0.0 0.0 
0.0 0.0 
0.0 0.0 
0.0 0.0 
0.0 0.0 
0.0 0.0 
0.0 0.0 
0.0 0.0 
0.0 0.0 
0.0 0.0 
0.0 0.0 
0.0 0.0 
0.10237750000000001 -2.0 
0.06775 0.0 
0.025 0.17127908786513174 
0.0 0.0 
0.0 0.0 
0.0 0.0 
0.186453354291775 -2.0 
0.186453354291775 -1.56996910275 
0.1715473509775 -1.5784147499999999 
0.0 0.0 
0.0 0.0 
0.0 0.0 
0.1715473509775 -2.0 
0.16283038997500002 -2.0 
0.0475 -1.585725 
0.0 0.0 
0.0 0.0 
0.0 0.0 
0.10237750000000001 -2.0 
0.0 0.03 
0.13042577500000002 0.0 
0.0 0.0 
0.0 0.0 
0.0 0.0 
0.0 0.0 
0.0 0.0 
0.0 0.0 
0.0 0.0 
0.0 0.0 
0.0 0.0 
0.0 0.0 
0.0 0.0 
0.0 0.0 
0.0 0.0 
0.0 0.0 
0.0 0.0 
0.0 0.0 
0.0 0.0 
0.0 0.0 
0.0 0.0 
0.0 0.0 
0.0 0.0 
0.0 0.0 
0.0 0.0 
0.0 0.0 
0.0 0.0 
0.0 0.0 
0.0 0.0 
0.0 0.0 
0.0 0.0 
0.0 0.0 
0.0 0.0 
0.0 0.0 
0.0 0.0 
0.0 0.0 
0.0 0.0 
0.0 0.0 
0.0 0.0 
0.0 0.0 
0.0 0.0 
0.0 0.0 
0.0 0.0 
0.0 0.0 
0.0 0.0 
0.0 0.0 
