0.0 0.0 
0.1 0.0 
0.0 0.0 
0.1 0.0 
0.0 0.0 
0.0 0.0 
0.0 0.0 
0.0 0.0 
0.1 0.0 
0.271 0.0 
0.0 0.0 
0.0 0.0 
0.0 0.0 
0.7712320754503901 0.0 
0.7941088679053511 0.0 
0.7458134171671 0.0 
0.0 0.0 
0.0 0.0 
0.0 0.0 
0.9999314403867587 0.0 
0.9999635646105794 0.0 
0.9998566588802033 0.0 
0.0 0.0 
0.0 0.0 
0.0 0.0 
0.9999999986724624 0.0 
0.999999941072707 0.0 
0.9999999920397965 0.0 
0.0 0.0 
0.0 0.0 
0.0 0.0 
0.9998033729495244 0.0 
0.9999635646105794 0.0 
0.9990449950492033 0.0 
0.0 0.0 
0.0 0.0 
0.0 0.0 
0.9999999985249581 0.0 
0.9999997681730781 0.0 
0.9999999969160541 0.0 
0.0 0.0 
0.0 0.0 
0.0 0.0 
0.0 0.0 
0.0 0.0 
0.0 0.0 
0.0 0.0 
0.0 0.0 
0.0 0.0 
0.0 0.0 
0.0 0.0 
0.0 0.0 
0.0 0.0 
0.0 0.0 
0.0 0.0 
0.8649148282327008 -2.0 
0.40951000000000004 -2.0 
0.5217031000000001 -2.0 
0.0 0.0 
0.0 0.0 
0.0 0.0 
0.9995889016832943 -2.0 
0.9986899794913624 0.4602149824713967 
0.9994924712139436 -0.948773704851102 
0.0 0.0 
0.0 0.0 
0.0 0.0 
0.9999999794533233 -2.0 
0.9999997681730781 -2.0 
0.9999978812916875 0.5988138768453122 
0.0 0.0 
0.0 0.0 
0.0 0.0 
0.9998566588802033 -2.0 
0.9997003093271215 -1.4191814509406513 
0.9977814687655379 -1.4197138494039658 
0.0 0.0 
0.0 0.0 
0.0 0.0 
0.9998407320891147 -2.0 
0.9999806367402109 -0.5691303517873392 
0.9999314403867587 0.9206075384027963 
0.0 0.0 
0.0 0.0 
0.0 0.0 
0.0 0.0 
0.0 0.0 
0.0 0.0 
0.0 0.0 
0.0 0.0 
0.0 0.0 
0.0 0.0 
0.0 0.0 
0.0 0.0 
0.0 0.0 
0.0 0.0 
0.0 0.0 
0.095 -2.0 
0.26085155000000004 0.0 
0.0 0.0882208803 
0.0 0.0 
0.0 0.0 
0.0 0.0 
0.4951511313510623 -1.505523650048109 
0.473832618348632 -2.0 
0.4951511313510623 0.10708020878633012 
0.0 0.0 
0.0 0.0 
0.0 0.0 
0.4999529769456507 -2.0 
0.4999892426334505 -1.1031845007130918 
0.49996572019337937 -1.1031682857649108 
0.0 0.0 
0.0 0.0 
0.0 0.0 
0.49742311239633996 -2.0 
0.4960724163943605 -1.1135894749156037 
0.4979127210410354 -0.5211503273027973 
0.0 0.0 
0.0 0.0 
0.0 0.0 
0.4960724163943605 -2.0 
0.49742311239633996 -2.0 
0.4993449897456812 -1.105080382288057 
0.0 0.0 
0.0 0.0 
0.0 0.0 
0.0 0.0 
0.0 0.0 
0.0 0.0 
0.0 0.0 
0.0 0.0 
0.0 0.0 
0.0 0.0 
0.0 0.0 
0.0 0.0 
0.0 0.0 
0.0 0.0 
0.0 0.0 
0.0 0.0 
0.0 -2.0 
0.0 0.11646528478203 
0.0 0.0 
0.0 0.0 
0.0 0.0 
0.2287298013033333 -2.0 
0.2570773584834633 -1.5474886352214754 
0.06333333333333332 0.3741591647195828 
0.0 0.0 
0.0 0.0 
0.0 0.0 
0.328899068450903 -2.0 
0.33042401214397077 -2.0 
0.3272506654561998 -1.5340401362069898 
0.0 0.0 
0.0 0.0 
0.0 0.0 
0.3067445189743758 -2.0 
0.29686033695616254 -1.5399298693116623 
0.30050763659387963 -2.0 
0.0 0.0 
0.0 0.0 
0.0 0.0 
0.3067445189743758 -2.0 
0.29280778180314354 0.18525567929800724 
0.15618633333333332 -1.5842999999999998 
0.0 0.0 
0.0 0.0 
0.0 0.0 
0.0 0.0 
0.0 0.0 
0.0 0.0 
0.0 0.0 
0.0 0.0 
0.0 0.0 
0.0 0.0 
0.0 0.0 
0.0 0.0 
0.0 0.0 
0.0 0.0 
0.0 0.0 
0.0 0.0 
0.0 0.0 
0.0 0.0 
0.0 0.0 
0.0 0.0 
0.0 0.0 
0.08597500000000001 -2.0 
0.025 0.0 
0.0 0.1441476256148676 
0.0 0.0 
0.0 0.0 
0.0 0.0 
0.1715473509775 -2.0 
0.15314487775000002 -1.56996910275 
0.13042577500000002 -1.5784147499999999 
0.0 0.0 
0.0 0.0 
0.0 0.0 
0.14238319750000003 -2.0 
0.15314487775000002 -2.0 
0.025 -1.585725 
0.0 0.0 
0.0 0.0 
0.0 0.0 
0.10237750000000001 -2.0 
0.0 0.0 
0.10237750000000001 0.0 
0.0 0.0 
0.0 0.0 
0.0 0.0 
0.0 0.0 
0.0 0.0 
0.0 0.0 
0.0 0.0 
0.0 0.0 
0.0 0.0 
0.0 0.0 
0.0 0.0 
0.0 0.0 
0.0 0.0 
0.0 0.0 
0.0 0.0 
0.0 0.0 
0.0 0.0 
0.0 0.0 
0.0 0.0 
0.0 0.0 
0.0 0.0 
0.0 0.0 
0.0 0.0 
0.0 0.0 
0.0 0.0 
0.0 0.0 
0.0 0.0 
0.0 0.0 
0.0 0.0 
0.0 0.0 
0.0 0.0 
0.0 0.0 
0.0 0.0 
0.0 0.0 
0.0 0.0 
0.0 0.0 
0.0 0.0 
0.0 0.0 
0.0 0.0 
0.0 0.0 
0.0 0.0 
0.0 0.0 
0.0 0.0 
0.0 0.0 
