0.0 0.0 
0.1 0.0 
0.0 0.0 
0.1 0.0 
0.0 0.0 
0.0 0.0 
0.0 0.0 
0.0 0.0 
0.1 0.0 
0.1 0.0 
0.0 0.0 
0.0 0.0 
0.0 0.0 
0.7712320754503901 0.0 
0.6513215599000001 0.0 
0.68618940391 0.0 
0.0 0.0 
0.0 0.0 
0.0 0.0 
0.9982029897000857 0.0 
0.9993038013908692 0.0 
0.9985444216570694 0.0 
0.0 0.0 
0.0 0.0 
0.0 0.0 
0.9999998122201933 0.0 
0.9999955703072454 0.0 
0.9999991791689895 0.0 
0.0 0.0 
0.0 0.0 
0.0 0.0 
0.9992264459898547 0.0 
0.9994924712139436 0.0 
0.9929303495098489 0.0 
0.0 0.0 
0.0 0.0 
0.0 0.0 
0.9999999570420033 0.0 
0.9999872957652524 0.0 
0.9999997424145313 0.0 
0.0 0.0 
0.0 0.0 
0.0 0.0 
0.0 0.0 
0.0 0.0 
0.0 0.0 
0.0 0.0 
0.0 0.0 
0.0 0.0 
0.0 0.0 
0.0 0.0 
0.0 0.0 
0.0 0.0 
0.0 0.0 
0.0 0.0 
0.68618940391 -2.0 
0.40951000000000004 -2.0 
0.34390000000000004 -2.0 
0.0 0.0 
0.0 0.0 
0.0 0.0 
0.9969567472778297 -1.4198812955604518 
0.995361602313412 0.4602149824713967 
0.9990449950492033 -1.4193414319569837 
0.0 0.0 
0.0 0.0 
0.0 0.0 
0.9999978812916875 -2.0 
0.9999843157595708 -2.0 
0.9999444667132745 -0.008559654370711517 
0.0 0.0 
0.0 0.0 
0.0 0.0 
0.9989388833880036 -2.0 
0.9977814687655379 -2.0 
0.9929303495098489 -0.9580344078795253 
0.0 0.0 
0.0 0.0 
0.0 0.0 
0.9993038013908692 -2.0 
0.9995889016832943 -0.9507445888575035 
0.9993038013908692 0.7996576949008758 
0.0 0.0 
0.0 0.0 
0.0 0.0 
0.0 0.0 
0.0 0.0 
0.0 0.0 
0.0 0.0 
0.0 0.0 
0.0 0.0 
0.0 0.0 
0.0 0.0 
0.0 0.0 
0.0 0.0 
0.0 0.0 
0.0 0.0 
0.095 -2.0 
0.20475500000000002 0.0 
0.0 0.03 
0.0 0.0 
0.0 0.0 
0.0 0.0 
0.4908759981842996 -2.0 
0.4392116727047154 -2.0 
0.48283158089853745 0.10708020878633012 
0.0 0.0 
0.0 0.0 
0.0 0.0 
0.4994104907711131 -2.0 
0.49979445084164714 -1.5045351489060783 
0.4996519006954346 -2.0 
0.0 0.0 
0.0 0.0 
0.0 0.0 
0.49178839836586963 -2.0 
0.48283158089853745 -1.1135894749156037 
0.49178839836586963 -1.5138553235707444 
0.0 0.0 
0.0 0.0 
0.0 0.0 
0.4887358002275304 -2.0 
0.4926095585292827 -2.0 
0.4960724163943605 -1.5060602043104847 
0.0 0.0 
0.0 0.0 
0.0 0.0 
0.0 0.0 
0.0 0.0 
0.0 0.0 
0.0 0.0 
0.0 0.0 
0.0 0.0 
0.0 0.0 
0.0 0.0 
0.0 0.0 
0.0 0.0 
0.0 0.0 
0.0 0.0 
0.0 0.0 
0.0 -2.0 
0.0 0.059403 
0.0 0.0 
0.0 0.0 
0.0 0.0 
0.2041931703333333 -2.0 
0.23919015450633332 -2.0 
0.06333333333333332 0.3276675745504948 
0.0 0.0 
0.0 0.0 
0.0 0.0 
0.3230322818724558 -2.0 
0.32498948165002256 -2.0 
0.3067445189743758 -2.0 
0.0 0.0 
0.0 0.0 
0.0 0.0 
0.28830494274423357 -2.0 
0.28830494274423357 -2.0 
0.28830494274423357 -1.5528746710857 
0.0 0.0 
0.0 0.0 
0.0 0.0 
0.2833017882343336 -2.0 
0.2777427276677781 0.13080930134412752 
0.03333333333333333 -1.5842999999999998 
0.0 0.0 
0.0 0.0 
0.0 0.0 
0.0 0.0 
0.0 0.0 
0.0 0.0 
0.0 0.0 
0.0 0.0 
0.0 0.0 
0.0 0.0 
0.0 0.0 
0.0 0.0 
0.0 0.0 
0.0 0.0 
0.0 0.0 
0.0 0.0 
0.0 0.0 
0.0 0.0 
0.0 0.0 
0.0 0.0 
0.0 0.0 
0.08597500000000001 -2.0 
0.025 0.0 
0.0 0.0882208803 
0.0 0.0 
0.0 0.0 
0.0 0.0 
0.15314487775000002 -2.0 
0.13042577500000002 -1.56996910275 
0.13042577500000002 -1.5784147499999999 
0.0 0.0 
0.0 0.0 
0.0 0.0 
0.08597500000000001 -2.0 
0.13042577500000002 -2.0 
0.025 -2.0 
0.0 0.0 
0.0 0.0 
0.0 0.0 
0.06775 -2.0 
0.0 0.0 
0.10237750000000001 0.0 
0.0 0.0 
0.0 0.0 
0.0 0.0 
0.0 0.0 
0.0 0.0 
0.0 0.0 
0.0 0.0 
0.0 0.0 
0.0 0.0 
0.0 0.0 
0.0 0.0 
0.0 0.0 
0.0 0.0 
0.0 0.0 
0.0 0.0 
0.0 0.0 
0.0 0.0 
0.0 0.0 
0.0 0.0 
0.0 0.0 
0.0 0.0 
0.0 0.0 
0.0 0.0 
0.0 0.0 
0.0 0.0 
0.0 0.0 
0.0 0.0 
0.0 0.0 
0.0 0.0 
0.0 0.0 
0.0 0.0 
0.0 0.0 
0.0 0.0 
0.0 0.0 
0.0 0.0 
0.0 0.0 
0.0 0.0 
0.0 0.0 
0.0 0.0 
0.0 0.0 
0.0 0.0 
0.0 0.0 
0.0 0.0 
0.0 0.0 
