0.0 0.0 
0.1 0.0 
0.0 0.0 
0.1 0.0 
0.0 0.0 
0.0 0.0 
0.0 0.0 
0.0 0.0 
0.1 0.0 
0.271 0.0 
0.0 0.0 
0.0 0.0 
0.0 0.0 
0.814697981114816 0.0 
0.8499053647030009 0.0 
0.7458134171671 0.0 
0.0 0.0 
0.0 0.0 
0.0 0.0 
0.9999885661887271 0.0 
0.9999858841836138 0.0 
0.9999382963480828 0.0 
0.0 0.0 
0.0 0.0 
0.0 0.0 
0.9999999999142268 0.0 
0.9999999952995795 0.0 
0.9999999997786043 0.0 
0.0 0.0 
0.0 0.0 
0.0 0.0 
0.9999734386011123 0.0 
0.9999843157595708 0.0 
0.9997302783944093 0.0 
0.0 0.0 
0.0 0.0 
0.0 0.0 
0.9999999998206694 0.0 
0.9999999911553294 0.0 
0.9999999998941071 0.0 
0.0 0.0 
0.0 0.0 
0.0 0.0 
0.0 0.0 
0.0 0.0 
0.0 0.0 
0.0 0.0 
0.0 0.0 
0.0 0.0 
0.0 0.0 
0.0 0.0 
0.0 0.0 
0.0 0.0 
0.0 0.0 
0.0 0.0 
0.8784233454094308 -2.0 
0.5217031000000001 -2.0 
0.6125795110000001 -1.485248903619 
0.0 0.0 
0.0 0.0 
0.0 0.0 
0.9998407320891147 -2.0 
0.9993734212517822 -1.4191633058465862 
0.9998033729495244 -0.948773704851102 
0.0 0.0 
0.0 0.0 
0.0 0.0 
0.9999999965733934 -1.4190000031621335 
0.9999999771703593 -2.0 
0.9999999652040227 -0.567196025098701 
0.0 0.0 
0.0 0.0 
0.0 0.0 
0.9999635646105794 -2.0 
0.9998955043236682 -1.4190415101551004 
0.9996300115149649 -2.0 
0.0 0.0 
0.0 0.0 
0.0 0.0 
0.9999734386011123 -2.0 
0.9999980931625188 -0.2599988960651687 
0.9999932484487815 0.9206075384027963 
0.0 0.0 
0.0 0.0 
0.0 0.0 
0.0 0.0 
0.0 0.0 
0.0 0.0 
0.0 0.0 
0.0 0.0 
0.0 0.0 
0.0 0.0 
0.0 0.0 
0.0 0.0 
0.0 0.0 
0.0 0.0 
0.0 0.0 
0.095 -2.0 
0.26085155000000004 0.07460561505000002 
0.0 0.11646528478203 
0.0 0.0 
0.0 0.0 
0.0 0.0 
0.4971367915514888 -2.0 
0.4860935805278153 -2.0 
0.4971367915514888 0.20156335232036304 
0.0 0.0 
0.0 0.0 
0.0 0.0 
0.4999948547849272 -2.0 
0.49999854683929185 -2.0 
0.4999948547849272 -0.7780710595655926 
0.0 0.0 
0.0 0.0 
0.0 0.0 
0.49919134536503856 -2.0 
0.49889073438276893 -1.1135894749156037 
0.49910149485004285 -0.5211503273027973 
0.0 0.0 
0.0 0.0 
0.0 0.0 
0.498767482647521 -2.0 
0.4993449897456812 -2.0 
0.4997462356069718 -0.5160900265368422 
0.0 0.0 
0.0 0.0 
0.0 0.0 
0.0 0.0 
0.0 0.0 
0.0 0.0 
0.0 0.0 
0.0 0.0 
0.0 0.0 
0.0 0.0 
0.0 0.0 
0.0 0.0 
0.0 0.0 
0.0 0.0 
0.0 0.0 
0.0 0.0 
0.0 -2.0 
0.0 0.11646528478203 
0.0 0.0 
0.0 0.0 
0.0 0.0 
0.23919015450633332 -2.0 
0.2833017882343336 -1.5474886352214754 
0.1365033333333333 -2.0 
0.0 0.0 
0.0 0.0 
0.0 0.0 
0.33071494426290704 -2.0 
0.3319418140273569 -1.5332643886681354 
0.33121243818628804 -1.156186700356527 
0.0 0.0 
0.0 0.0 
0.0 0.0 
0.3067445189743758 -2.0 
0.31763290434251257 -1.5399298693116623 
0.3094034004102716 -1.5386131941424466 
0.0 0.0 
0.0 0.0 
0.0 0.0 
0.3067445189743758 -2.0 
0.3067445189743758 0.18525567929800724 
0.17390103333333332 -1.5842999999999998 
0.0 0.0 
0.0 0.0 
0.0 0.0 
0.0 0.0 
0.0 0.0 
0.0 0.0 
0.0 0.0 
0.0 0.0 
0.0 0.0 
0.0 0.0 
0.0 0.0 
0.0 0.0 
0.0 0.0 
0.0 0.0 
0.0 0.0 
0.0 0.0 
0.0 0.0 
0.0 0.0 
0.0 0.0 
0.0 0.0 
0.0 0.0 
0.08597500000000001 -2.0 
0.06775 0.0 
0.025 0.17127908786513174 
0.0 0.0 
0.0 0.0 
0.0 0.0 
0.1715473509775 -2.0 
0.17939261587975 -1.56996910275 
0.16283038997500002 -1.5784147499999999 
0.0 0.0 
0.0 0.0 
0.0 0.0 
0.15314487775000002 -2.0 
0.15314487775000002 -2.0 
0.0475 -1.585725 
0.0 0.0 
0.0 0.0 
0.0 0.0 
0.10237750000000001 -2.0 
0.0 0.0 
0.10237750000000001 0.0 
0.0 0.0 
0.0 0.0 
0.0 0.0 
0.0 0.0 
0.0 0.0 
0.0 0.0 
0.0 0.0 
0.0 0.0 
0.0 0.0 
0.0 0.0 
0.0 0.0 
0.0 0.0 
0.0 0.0 
0.0 0.0 
0.0 0.0 
0.0 0.0 
0.0 0.0 
0.0 0.0 
0.0 0.0 
0.0 0.0 
0.0 0.0 
0.0 0.0 
0.0 0.0 
0.0 0.0 
0.0 0.0 
0.0 0.0 
0.0 0.0 
0.0 0.0 
0.0 0.0 
0.0 0.0 
0.0 0.0 
0.0 0.0 
0.0 0.0 
0.0 0.0 
0.0 0.0 
0.0 0.0 
0.0 0.0 
0.0 0.0 
0.0 0.0 
0.0 0.0 
0.0 0.0 
0.0 0.0 
0.0 0.0 
0.0 0.0 
