0.0 0.0 
0.1 0.0 
0.0 0.0 
0.1 0.0 
0.0 0.0 
0.0 0.0 
0.0 0.0 
0.0 0.0 
0.1 0.0 
0.271 0.0 
0.0 0.0 
0.0 0.0 
0.0 0.0 
0.8332281830033343 0.0 
0.8784233454094308 0.0 
0.7458134171671 0.0 
0.0 0.0 
0.0 0.0 
0.0 0.0 
0.9999932484487815 0.0 
0.9999970936785837 0.0 
0.9999806367402109 0.0 
0.0 0.0 
0.0 0.0 
0.0 0.0 
0.9999999999923981 0.0 
0.9999999993650429 0.0 
0.9999999999630776 0.0 
0.0 0.0 
0.0 0.0 
0.0 0.0 
0.999990738612869 0.0 
0.9999950781191616 0.0 
0.9998955043236682 0.0 
0.0 0.0 
0.0 0.0 
0.0 0.0 
0.9999999999730836 0.0 
0.9999999990322251 0.0 
0.999999999980378 0.0 
0.0 0.0 
0.0 0.0 
0.0 0.0 
0.0 0.0 
0.0 0.0 
0.0 0.0 
0.0 0.0 
0.0 0.0 
0.0 0.0 
0.0 0.0 
0.0 0.0 
0.0 0.0 
0.0 0.0 
0.0 0.0 
0.0 0.0 
0.8784233454094308 -2.0 
0.5217031000000001 -2.0 
0.6513215599000001 -1.485248903619 
0.0 0.0 
0.0 0.0 
0.0 0.0 
0.9999153585021713 -2.0 
0.9997003093271215 -1.4191633058465862 
0.9999550180377524 -0.5675287611277293 
0.0 0.0 
0.0 0.0 
0.0 0.0 
0.9999999989246946 -2.0 
0.9999999935522352 -2.0 
0.9999999975020037 0.4912606171895475 
0.0 0.0 
0.0 0.0 
0.0 0.0 
0.9999916647515821 -2.0 
0.9999595162339772 -1.4190415101551004 
0.999823035654572 -0.9484617710581685 
0.0 0.0 
0.0 0.0 
0.0 0.0 
0.9999916647515821 -2.0 
0.9999993351268816 -2.0 
0.9999982838462669 0.9466916091253028 
0.0 0.0 
0.0 0.0 
0.0 0.0 
0.0 0.0 
0.0 0.0 
0.0 0.0 
0.0 0.0 
0.0 0.0 
0.0 0.0 
0.0 0.0 
0.0 0.0 
0.0 0.0 
0.0 0.0 
0.0 0.0 
0.0 0.0 
0.1355 -2.0 
0.28476639500000006 0.07460561505000002 
0.05 0.1441476256148676 
0.0 0.0 
0.0 0.0 
0.0 0.0 
0.49847837363891484 -2.0 
0.4898622202047773 -2.0 
0.4979127210410354 0.20156335232036304 
0.0 0.0 
0.0 0.0 
0.0 0.0 
0.49999800663826044 -2.0 
0.4999997008070967 -1.5045000701810514 
0.4999975390595808 -0.7780710595655926 
0.0 0.0 
0.0 0.0 
0.0 0.0 
0.49952249752460165 -2.0 
0.4994104907711131 -1.1135894749156037 
0.4994694416940018 -0.5211503273027973 
0.0 0.0 
0.0 0.0 
0.0 0.0 
0.4993449897456812 -2.0 
0.49952249752460165 -2.0 
0.49987862527748417 -0.5160900265368422 
0.0 0.0 
0.0 0.0 
0.0 0.0 
0.0 0.0 
0.0 0.0 
0.0 0.0 
0.0 0.0 
0.0 0.0 
0.0 0.0 
0.0 0.0 
0.0 0.0 
0.0 0.0 
0.0 0.0 
0.0 0.0 
0.0 0.0 
0.0 0.0 
0.0 -2.0 
0.0 0.11646528478203 
0.0 0.0 
0.0 0.0 
0.0 0.0 
0.23919015450633332 -2.0 
0.2833017882343336 -1.5474886352214754 
0.1365033333333333 -1.5666579299999999 
0.0 0.0 
0.0 0.0 
0.0 0.0 
0.33097678316994966 -2.0 
0.3324203575166822 -1.5332643886681354 
0.33208096595795455 -1.156186700356527 
0.0 0.0 
0.0 0.0 
0.0 0.0 
0.31588841223242137 -2.0 
0.321887720599025 -1.5399298693116623 
0.31395008766565335 -1.5386131941424466 
0.0 0.0 
0.0 0.0 
0.0 0.0 
0.3067445189743758 -2.0 
0.3094034004102716 0.18525567929800724 
0.17390103333333332 -1.5842999999999998 
0.0 0.0 
0.0 0.0 
0.0 0.0 
0.0 0.0 
0.0 0.0 
0.0 0.0 
0.0 0.0 
0.0 0.0 
0.0 0.0 
0.0 0.0 
0.0 0.0 
0.0 0.0 
0.0 0.0 
0.0 0.0 
0.0 0.0 
0.0 0.0 
0.0 0.0 
0.0 0.0 
0.0 0.0 
0.0 0.0 
0.0 0.0 
0.10237750000000001 -2.0 
0.06775 0.0 
0.025 0.17127908786513174 
0.0 0.0 
0.0 0.0 
0.0 0.0 
0.17939261587975 -2.0 
0.186453354291775 -1.56996910275 
0.1715473509775 -1.5784147499999999 
0.0 0.0 
0.0 0.0 
0.0 0.0 
0.16283038997500002 -2.0 
0.15314487775000002 -2.0 
0.0475 -1.585725 
0.0 0.0 
0.0 0.0 
0.0 0.0 
0.10237750000000001 -2.0 
0.0 0.0 
0.11713975000000001 0.0 
0.0 0.0 
0.0 0.0 
0.0 0.0 
0.0 0.0 
0.0 0.0 
0.0 0.0 
0.0 0.0 
0.0 0.0 
0.0 0.0 
0.0 0.0 
0.0 0.0 
0.0 0.0 
0.0 0.0 
0.0 0.0 
0.0 0.0 
0.0 0.0 
0.0 0.0 
0.0 0.0 
0.0 0.0 
0.0 0.0 
0.0 0.0 
0.0 0.0 
0.0 0.0 
0.0 0.0 
0.0 0.0 
0.0 0.0 
0.0 0.0 
0.0 0.0 
0.0 0.0 
0.0 0.0 
0.0 0.0 
0.0 0.0 
0.0 0.0 
0.0 0.0 
0.0 0.0 
0.0 0.0 
0.0 0.0 
0.0 0.0 
0.0 0.0 
0.0 0.0 
0.0 0.0 
0.0 0.0 
0.0 0.0 
0.0 0.0 
