0.0 0.0 
0.1 0.0 
0.0 0.0 
0.0 0.0 
0.0 0.0 
0.0 0.0 
0.0 0.0 
0.0 0.0 
0.1 0.0 
0.1 0.0 
0.0 0.0 
0.0 0.0 
0.0 0.0 
0.7458134171671 0.0 
0.6513215599000001 0.0 
0.6125795110000001 0.0 
0.0 0.0 
0.0 0.0 
0.0 0.0 
0.9969567472778297 0.0 
0.9983826907300771 0.0 
0.9977814687655379 0.0 
0.0 0.0 
0.0 0.0 
0.0 0.0 
0.9999988740315358 0.0 
0.9999760947410011 0.0 
0.9999976458796528 0.0 
0.0 0.0 
0.0 0.0 
0.0 0.0 
0.9982029897000857 0.0 
0.9983826907300771 0.0 
0.9912720364319122 0.0 
0.0 0.0 
0.0 0.0 
0.0 0.0 
0.9999996819932485 0.0 
0.9999635646105794 0.0 
0.9999991791689895 0.0 
0.0 0.0 
0.0 0.0 
0.0 0.0 
0.0 0.0 
0.0 0.0 
0.0 0.0 
0.0 0.0 
0.0 0.0 
0.0 0.0 
0.0 0.0 
0.0 0.0 
0.0 0.0 
0.0 0.0 
0.0 0.0 
0.0 0.0 
0.6513215599000001 -2.0 
0.34390000000000004 -2.0 
0.271 -2.0 
0.0 0.0 
0.0 0.0 
0.0 0.0 
0.9936373145588641 -2.0 
0.9936373145588641 0.4602149824713967 
0.9982029897000857 -1.4193414319569837 
0.0 0.0 
0.0 0.0 
0.0 0.0 
0.9999932484487815 -2.0 
0.9999153585021713 0.35422337536299486 
0.9998407320891147 -0.5675077713645174 
0.0 0.0 
0.0 0.0 
0.0 0.0 
0.9977814687655379 -2.0 
0.9962428978738638 -2.0 
0.9880274848174379 -0.9580344078795253 
0.0 0.0 
0.0 0.0 
0.0 0.0 
0.997534965295042 -2.0 
0.9986899794913624 -0.9507445888575035 
0.9986899794913624 0.6646837716792746 
0.0 0.0 
0.0 0.0 
0.0 0.0 
0.0 0.0 
0.0 0.0 
0.0 0.0 
0.0 0.0 
0.0 0.0 
0.0 0.0 
0.0 0.0 
0.0 0.0 
0.0 0.0 
0.0 0.0 
0.0 0.0 
0.0 0.0 
0.095 -2.0 
0.20475500000000002 0.0 
0.0 0.03 
0.0 0.0 
0.0 0.0 
0.0 0.0 
0.4860935805278153 -2.0 
0.42495268235150047 -2.0 
0.4641051006154074 0.10708020878633012 
0.0 0.0 
0.0 0.0 
0.0 0.0 
0.4983093040432387 -2.0 
0.4996867106258911 -2.0 
0.49919134536503856 -2.0 
0.0 0.0 
0.0 0.0 
0.0 0.0 
0.4809239787761527 -2.0 
0.473832618348632 -1.5129197912136698 
0.4860935805278153 -1.5138553235707444 
0.0 0.0 
0.0 0.0 
0.0 0.0 
0.4809239787761527 -2.0 
0.4845484228086837 -2.0 
0.4951511313510623 -1.5060602043104847 
0.0 0.0 
0.0 0.0 
0.0 0.0 
0.0 0.0 
0.0 0.0 
0.0 0.0 
0.0 0.0 
0.0 0.0 
0.0 0.0 
0.0 0.0 
0.0 0.0 
0.0 0.0 
0.0 0.0 
0.0 0.0 
0.0 0.0 
0.0 0.0 
0.0 -2.0 
0.0 0.059403 
0.0 0.0 
0.0 0.0 
0.0 0.0 
0.18984426333333332 -2.0 
0.23919015450633332 -2.0 
0.03333333333333333 0.3276675745504948 
0.0 0.0 
0.0 0.0 
0.0 0.0 
0.31588841223242137 -1.540699854790736 
0.321887720599025 -2.0 
0.30050763659387963 -2.0 
0.0 0.0 
0.0 0.0 
0.0 0.0 
0.2570773584834633 -2.0 
0.2833017882343336 0.0 
0.24860447238903333 -1.5528746710857 
0.0 0.0 
0.0 0.0 
0.0 0.0 
0.2647029559684503 -2.0 
0.2647029559684503 0.06712532891430001 
0.03333333333333333 -1.5842999999999998 
0.0 0.0 
0.0 0.0 
0.0 0.0 
0.0 0.0 
0.0 0.0 
0.0 0.0 
0.0 0.0 
0.0 0.0 
0.0 0.0 
0.0 0.0 
0.0 0.0 
0.0 0.0 
0.0 0.0 
0.0 0.0 
0.0 0.0 
0.0 0.0 
0.0 0.0 
0.0 0.0 
0.0 0.0 
0.0 0.0 
0.0 0.0 
0.08597500000000001 -2.0 
0.025 0.0 
0.0 0.0882208803 
0.0 0.0 
0.0 0.0 
0.0 0.0 
0.15314487775000002 -2.0 
0.13042577500000002 -1.56996910275 
0.11713975000000001 -1.5784147499999999 
0.0 0.0 
0.0 0.0 
0.0 0.0 
0.06775 -2.0 
0.10237750000000001 -2.0 
0.025 -2.0 
0.0 0.0 
0.0 0.0 
0.0 0.0 
0.0475 -2.0 
0.0 0.0 
0.08597500000000001 0.0 
0.0 0.0 
0.0 0.0 
0.0 0.0 
0.0 0.0 
0.0 0.0 
0.0 0.0 
0.0 0.0 
0.0 0.0 
0.0 0.0 
0.0 0.0 
0.0 0.0 
0.0 0.0 
0.0 0.0 
0.0 0.0 
0.0 0.0 
0.0 0.0 
0.0 0.0 
0.0 0.0 
0.0 0.0 
0.0 0.0 
0.0 0.0 
0.0 0.0 
0.0 0.0 
0.0 0.0 
0.0 0.0 
0.0 0.0 
0.0 0.0 
0.0 0.0 
0.0 0.0 
0.0 0.0 
0.0 0.0 
0.0 0.0 
0.0 0.0 
0.0 0.0 
0.0 0.0 
0.0 0.0 
0.0 0.0 
0.0 0.0 
0.0 0.0 
0.0 0.0 
0.0 0.0 
0.0 0.0 
0.0 0.0 
0.0 0.0 
