0.0 0.0 
0.1 0.0 
0.0 0.0 
0.1 0.0 
0.0 0.0 
0.0 0.0 
0.0 0.0 
0.0 0.0 
0.1 0.0 
0.271 0.0 
0.0 0.0 
0.0 0.0 
0.0 0.0 
0.814697981114816 0.0 
0.8784233454094308 0.0 
0.7458134171671 0.0 
0.0 0.0 
0.0 0.0 
0.0 0.0 
0.999990738612869 0.0 
0.9999945312435129 0.0 
0.9999704873345693 0.0 
0.0 0.0 
0.0 0.0 
0.0 0.0 
0.9999999999841063 0.0 
0.9999999983610646 0.0 
0.9999999999142268 0.0 
0.0 0.0 
0.0 0.0 
0.0 0.0 
0.9999825730661898 0.0 
0.9999885661887271 0.0 
0.999870992992183 0.0 
0.0 0.0 
0.0 0.0 
0.0 0.0 
0.9999999999228042 0.0 
0.9999999969160541 0.0 
0.9999999999544168 0.0 
0.0 0.0 
0.0 0.0 
0.0 0.0 
0.0 0.0 
0.0 0.0 
0.0 0.0 
0.0 0.0 
0.0 0.0 
0.0 0.0 
0.0 0.0 
0.0 0.0 
0.0 0.0 
0.0 0.0 
0.0 0.0 
0.0 0.0 
0.8784233454094308 -2.0 
0.5217031000000001 -2.0 
0.6513215599000001 -1.485248903619 
0.0 0.0 
0.0 0.0 
0.0 0.0 
0.9998955043236682 -2.0 
0.9995889016832943 -1.4191633058465862 
0.9999059538913014 -0.5675287611277293 
0.0 0.0 
0.0 0.0 
0.0 0.0 
0.9999999977518034 -2.0 
0.9999999865193254 -1.4190000023051952 
0.9999999901725882 0.1942548681989964 
0.0 0.0 
0.0 0.0 
0.0 0.0 
0.9999825730661898 -2.0 
0.9999382963480828 -1.4190415101551004 
0.9997815254994715 -1.4190512471050623 
0.0 0.0 
0.0 0.0 
0.0 0.0 
0.9999872957652524 -2.0 
0.9999988740315358 -0.2599988960651687 
0.9999967707539819 0.9206075384027963 
0.0 0.0 
0.0 0.0 
0.0 0.0 
0.0 0.0 
0.0 0.0 
0.0 0.0 
0.0 0.0 
0.0 0.0 
0.0 0.0 
0.0 0.0 
0.0 0.0 
0.0 0.0 
0.0 0.0 
0.0 0.0 
0.0 0.0 
0.095 -2.0 
0.28476639500000006 0.07460561505000002 
0.0 0.11646528478203 
0.0 0.0 
0.0 0.0 
0.0 0.0 
0.4983093040432387 -2.0 
0.4887358002275304 -2.0 
0.49742311239633996 0.20156335232036304 
0.0 0.0 
0.0 0.0 
0.0 0.0 
0.49999726562175645 -2.0 
0.49999954398277197 -2.0 
0.49999583237579104 -0.7780710595655926 
0.0 0.0 
0.0 0.0 
0.0 0.0 
0.4992722108285347 -2.0 
0.49900166094449205 -1.1135894749156037 
0.4992722108285347 -0.5211503273027973 
0.0 0.0 
0.0 0.0 
0.0 0.0 
0.49910149485004285 -2.0 
0.4993449897456812 -2.0 
0.4998335051817342 -0.5160900265368422 
0.0 0.0 
0.0 0.0 
0.0 0.0 
0.0 0.0 
0.0 0.0 
0.0 0.0 
0.0 0.0 
0.0 0.0 
0.0 0.0 
0.0 0.0 
0.0 0.0 
0.0 0.0 
0.0 0.0 
0.0 0.0 
0.0 0.0 
0.0 0.0 
0.0 -2.0 
0.0 0.11646528478203 
0.0 0.0 
0.0 0.0 
0.0 0.0 
0.23919015450633332 -2.0 
0.2833017882343336 -1.5474886352214754 
0.1365033333333333 -2.0 
0.0 0.0 
0.0 0.0 
0.0 0.0 
0.33071494426290704 -2.0 
0.33208096595795455 -1.5332643886681354 
0.33208096595795455 -1.156186700356527 
0.0 0.0 
0.0 0.0 
0.0 0.0 
0.3117963937025778 -2.0 
0.3206159858507685 -1.5399298693116623 
0.3117963937025778 -1.5386131941424466 
0.0 0.0 
0.0 0.0 
0.0 0.0 
0.3067445189743758 -2.0 
0.3067445189743758 0.18525567929800724 
0.17390103333333332 -1.5842999999999998 
0.0 0.0 
0.0 0.0 
0.0 0.0 
0.0 0.0 
0.0 0.0 
0.0 0.0 
0.0 0.0 
0.0 0.0 
0.0 0.0 
0.0 0.0 
0.0 0.0 
0.0 0.0 
0.0 0.0 
0.0 0.0 
0.0 0.0 
0.0 0.0 
0.0 0.0 
0.0 0.0 
0.0 0.0 
0.0 0.0 
0.0 0.0 
0.10237750000000001 -2.0 
0.06775 0.0 
0.025 0.17127908786513174 
0.0 0.0 
0.0 0.0 
0.0 0.0 
0.17939261587975 -2.0 
0.17939261587975 -1.56996910275 
0.16283038997500002 -1.5784147499999999 
0.0 0.0 
0.0 0.0 
0.0 0.0 
0.15314487775000002 -2.0 
0.15314487775000002 -2.0 
0.0475 -1.585725 
0.0 0.0 
0.0 0.0 
0.0 0.0 
0.10237750000000001 -2.0 
0.0 0.0 
0.10237750000000001 0.0 
0.0 0.0 
0.0 0.0 
0.0 0.0 
0.0 0.0 
0.0 0.0 
0.0 0.0 
0.0 0.0 
0.0 0.0 
0.0 0.0 
0.0 0.0 
0.0 0.0 
0.0 0.0 
0.0 0.0 
0.0 0.0 
0.0 0.0 
0.0 0.0 
0.0 0.0 
0.0 0.0 
0.0 0.0 
0.0 0.0 
0.0 0.0 
0.0 0.0 
0.0 0.0 
0.0 0.0 
0.0 0.0 
0.0 0.0 
0.0 0.0 
0.0 0.0 
0.0 0.0 
0.0 0.0 
0.0 0.0 
0.0 0.0 
0.0 0.0 
0.0 0.0 
0.0 0.0 
0.0 0.0 
0.0 0.0 
0.0 0.0 
0.0 0.0 
0.0 0.0 
0.0 0.0 
0.0 0.0 
0.0 0.0 
0.0 0.0 
