0.0 0.0 
0.1 0.0 
0.0 0.0 
0.1 0.0 
0.0 0.0 
0.0 0.0 
0.0 0.0 
0.0 0.0 
0.1 0.0 
0.271 0.0 
0.0 0.0 
0.0 0.0 
0.0 0.0 
0.8332281830033343 0.0 
0.901522909781639 0.0 
0.7941088679053511 0.0 
0.0 0.0 
0.0 0.0 
0.0 0.0 
0.9999955703072454 0.0 
0.9999976458796528 0.0 
0.9999885661887271 0.0 
0.0 0.0 
0.0 0.0 
0.0 0.0 
0.9999999999978529 0.0 
0.9999999997540048 0.0 
0.99999999999596 0.0 
0.0 0.0 
0.0 0.0 
0.0 0.0 
0.9999945312435129 0.0 
0.9999976458796528 0.0 
0.9999760947410011 0.0 
0.0 0.0 
0.0 0.0 
0.0 0.0 
0.9999999999950124 0.0 
0.999999999726672 0.0 
0.9999999999931583 0.0 
0.0 0.0 
0.0 0.0 
0.0 0.0 
0.0 0.0 
0.0 0.0 
0.0 0.0 
0.0 0.0 
0.0 0.0 
0.0 0.0 
0.0 0.0 
0.0 0.0 
0.0 0.0 
0.0 0.0 
0.0 0.0 
0.0 0.0 
0.8905810108684877 -2.0 
0.5217031000000001 -2.0 
0.6513215599000001 -1.485248903619 
0.0 0.0 
0.0 0.0 
0.0 0.0 
0.9999550180377524 -2.0 
0.9998838936929647 -1.4191633058465862 
0.9999760947410011 -0.2587052192374506 
0.0 0.0 
0.0 0.0 
0.0 0.0 
0.999999999726672 -2.0 
0.9999999969160541 -1.4190000011025679 
0.9999999985249581 0.5989210996121357 
0.0 0.0 
0.0 0.0 
0.0 0.0 
0.9999960132765209 -2.0 
0.999978485266901 -1.4190415101551004 
0.9999238226519541 -2.0 
0.0 0.0 
0.0 0.0 
0.0 0.0 
0.9999964119488688 -2.0 
0.9999996819932485 -1.419000102323973 
0.9999993351268816 0.9466916091253028 
0.0 0.0 
0.0 0.0 
0.0 0.0 
0.0 0.0 
0.0 0.0 
0.0 0.0 
0.0 0.0 
0.0 0.0 
0.0 0.0 
0.0 0.0 
0.0 0.0 
0.0 0.0 
0.0 0.0 
0.0 0.0 
0.0 0.0 
0.17195000000000002 -2.0 
0.28476639500000006 0.07460561505000002 
0.05 0.17127908786513174 
0.0 0.0 
0.0 0.0 
0.0 0.0 
0.49847837363891484 -2.0 
0.4908759981842996 -1.1059689698019775 
0.4979127210410354 0.20156335232036304 
0.0 0.0 
0.0 0.0 
0.0 0.0 
0.4999992277308201 -2.0 
0.49999989567788516 -1.5045000701810514 
0.49999894064584377 -0.7780710595655926 
0.0 0.0 
0.0 0.0 
0.0 0.0 
0.49979445084164714 -2.0 
0.49952249752460165 -1.1135894749156037 
0.4995702477721415 -0.5211503273027973 
0.0 0.0 
0.0 0.0 
0.0 0.0 
0.49971803956330196 -2.0 
0.4997716120462746 -2.0 
0.49992036604455736 -0.5160900265368422 
0.0 0.0 
0.0 0.0 
0.0 0.0 
0.0 0.0 
0.0 0.0 
0.0 0.0 
0.0 0.0 
0.0 0.0 
0.0 0.0 
0.0 0.0 
0.0 0.0 
0.0 0.0 
0.0 0.0 
0.0 0.0 
0.0 0.0 
0.0 0.0 
0.03333333333333333 -2.0 
0.0 0.11646528478203 
0.0 0.0 
0.0 0.0 
0.0 0.0 
0.23919015450633332 -2.0 
0.2833017882343336 -1.5474886352214754 
0.1365033333333333 -1.5666579299999999 
0.0 0.0 
0.0 0.0 
0.0 0.0 
0.33208096595795455 -2.0 
0.33266777396299463 -1.5332643886681354 
0.3324203575166822 -1.156186700356527 
0.0 0.0 
0.0 0.0 
0.0 0.0 
0.3206159858507685 -2.0 
0.3265748134698516 -1.5399298693116623 
0.31588841223242137 -1.5386131941424466 
0.0 0.0 
0.0 0.0 
0.0 0.0 
0.3117963937025778 -2.0 
0.31588841223242137 0.18525567929800724 
0.2171071866333333 -1.5842999999999998 
0.0 0.0 
0.0 0.0 
0.0 0.0 
0.0 0.0 
0.0 0.0 
0.0 0.0 
0.0 0.0 
0.0 0.0 
0.0 0.0 
0.0 0.0 
0.0 0.0 
0.0 0.0 
0.0 0.0 
0.0 0.0 
0.0 0.0 
0.0 0.0 
0.0 0.0 
0.0 0.0 
0.0 0.0 
0.0 0.0 
0.0 0.0 
0.10237750000000001 -2.0 
0.06775 0.0 
0.025 0.17127908786513174 
0.0 0.0 
0.0 0.0 
0.0 0.0 
0.19852721697633777 -2.0 
0.186453354291775 -1.56996910275 
0.1715473509775 -1.5784147499999999 
0.0 0.0 
0.0 0.0 
0.0 0.0 
0.1715473509775 -2.0 
0.1715473509775 -2.0 
0.0475 -1.585725 
0.0 0.0 
0.0 0.0 
0.0 0.0 
0.10237750000000001 -2.0 
0.0 0.03 
0.14238319750000003 0.0 
0.0 0.0 
0.0 0.0 
0.0 0.0 
0.0 0.0 
0.0 0.0 
0.0 0.0 
0.0 0.0 
0.0 0.0 
0.0 0.0 
0.0 0.0 
0.0 0.0 
0.0 0.0 
0.0 0.0 
0.0 0.0 
0.0 0.0 
0.0 0.0 
0.0 0.0 
0.0 0.0 
0.0 0.0 
0.0 0.0 
0.0 0.0 
0.0 0.0 
0.0 0.0 
0.0 0.0 
0.0 0.0 
0.0 0.0 
0.0 0.0 
0.0 0.0 
0.0 0.0 
0.0 0.0 
0.0 0.0 
0.0 0.0 
0.0 0.0 
0.0 0.0 
0.0 0.0 
0.0 0.0 
0.0 0.0 
0.0 0.0 
0.0 0.0 
0.0 0.0 
0.0 0.0 
0.0 0.0 
0.0 0.0 
0.0 0.0 
