-24.200000000000003
-34.1
-19.9005
-15.0505
-41.66959666666666
-24.125166666666665
-13.002512096500002
-15.0505
-52.76
-29.270000000000003
-19.750425
-24.855855000000002
-52.51498333333333
-28.805735
-38.912499999999994
-47.67831666666666
-28.851999999999997
-19.7795
-19.9505
-38.500166666666665
-32.82703166666667
-28.156901666666663
-36.154418124736665
-28.7151
-31.941224666666663
-37.082293916666664
-44.4789117534893
-24.38319166666667
-35.775515815000006
-42.520943375535005
-5.0
-23.391677016666666
-22.514190481666667
-33.7693037634893
-31.246612433499998
-14.984268999999998
-21.019787636571305
-52.59053637405632
-15.665776975962498
-50.29614204133333
-30.698026353487258
-34.21344867337167
-40.66197527895504
-26.71509662531667
-28.96444859949501
-27.451193055833336
-22.250325119721495
-36.19390172746833
-36.27072753868866
-43.07889979314497
-19.56348274861978
-22.258909851717686
-27.006438609443
-33.105050503388235
-36.40683199709608
***************
-27.212506116833335
-30.940630985298103
-33.21379016127108
-45.61754567442742
-17.369582826955405
-35.119972018458114
-26.631045924808642
-22.357111545685
-41.33832802990925
-40.76035830744759
-25.240576771247824
-18.8299962465315
-46.15513104162195
-20.37249287809302
-43.32199865790782
-25.992100051551304
-22.440694614115618
-51.603014772466075
-31.913474219460856
-22.44731465505579
-28.184358558828333
-15.073148560630989
-27.23788694608225
-30.16443927131685
-20.87308298647671
-36.97171381902742
-25.508709537843774
-26.38836364981261
-32.52215838007262
-25.479785374403853
-35.24772401579118
%%%%%%%%%%%%%%%%%%
-37.41025725106497
-23.08986117233349
-31.86666702336755
-28.67165031556131
-31.127217397313935
-9.60847962238582
-28.173793145476207
-39.706978332215485
-39.84280182698345
-19.102115578327776
-26.58569481163919
-43.36461996791002
-34.8353324625138
-9.914770877900343
-17.4034673029455
-44.05845533003969
-37.71729714776777
-29.608945352763932
-36.72690258163039
-28.518760173536833
-28.243394536481
-21.007774764711375
-22.11637701275158
-29.04242191837843
-30.195257593406083
-26.88501515548385
-30.119577900643556
-29.047391436129956
-9.573787268055826
-25.40384772554161
