-5.0 -5.0 
-5.0 -5.0 
-5.0 -5.0 
-5.0 -5.0 
-5.0 -5.0 
-5.0 -5.0 
-5.0 -5.0 
-5.0 -5.0 
-5.0 -5.0 
-5.0 -5.0 
-5.0 -5.0 
-5.0 -5.0 
-5.0 -5.0 
-4.145700815 -5.0 
-4.3857349999999995 -5.0 
-4.2971615 -5.0 
-5.0 -5.0 
-5.0 -5.0 
-5.0 -5.0 
-3.6823649818858537 -5.0 
-3.6196496646153085 -5.0 
-3.6477156353275415 -5.0 
-5.0 -5.0 
-5.0 -5.0 
-5.0 -5.0 
-3.5969162283384 -5.0 
-3.6196496646153085 -5.0 
-3.6641284836972683 -5.0 
-5.0 -5.0 
-5.0 -5.0 
-5.0 -5.0 
-4.3857349999999995 -5.0 
-4.5935 -5.0 
-4.145700815 -5.0 
-5.0 -5.0 
-5.0 -5.0 
-5.0 -5.0 
-3.7026277576509488 -5.0 
-3.5785021449541037 -5.0 
-3.6823649818858537 -5.0 
-5.0 -5.0 
-5.0 -5.0 
-5.0 -5.0 
-5.0 -5.0 
-5.0 -5.0 
-5.0 -5.0 
-5.0 -5.0 
-5.0 -5.0 
-5.0 -5.0 
-5.0 -5.0 
-4.9 -5.0 
-5.0 -4.409890350000001 
-5.0 -5.0 
-5.0 -5.0 
-5.0 -5.0 
-4.59049 -5.172110840000001 
-4.59049 -5.0 
-5.0 -2.296064304977205 
-5.0 -5.0 
-5.0 -5.0 
-5.0 -5.0 
-4.185302018885184 -5.0 
-4.9 -1.0820899737013565 
-4.8100000000000005 -0.6429788868661879 
-5.0 -5.0 
-5.0 -5.0 
-5.0 -5.0 
-4.228767924549611 -5.00760989291 
-4.121576654590569 -5.0 
-4.1094189891315125 -4.256454377931664 
-5.0 -5.0 
-5.0 -5.0 
-5.0 -5.0 
-4.6561 -5.22349805 
-4.9 -4.417860350000001 
-4.59049 -4.6131441 
-5.0 -5.0 
-5.0 -5.0 
-5.0 -5.0 
-4.228767924549611 -5.058659 
-4.9 -2.3759042187815416 
-4.6561 -5.0 
-5.0 -5.0 
-5.0 -5.0 
-5.0 -5.0 
-5.0 -5.0 
-5.0 -5.0 
-5.0 -5.0 
-5.0 -5.0 
-5.0 -5.0 
-5.0 -5.0 
-5.0 -5.0 
-5.0 -5.0 
-5.0 -5.0 
-5.0 -5.0 
-5.0 -5.0 
-5.0 -5.0 
-5.0 -5.1005 
-5.0 -4.184882196714652 
-5.0 -4.3035000000000005 
-5.0 -5.0 
-5.0 -5.0 
-5.0 -5.0 
-4.402024613734167 -5.0 
-4.841666666666667 -4.055992430566176 
-4.489517074166668 -4.604056536675 
-5.0 -5.0 
-5.0 -5.0 
-5.0 -5.0 
-4.489517074166668 -5.1005 
-4.489517074166668 -5.1005 
-4.357306603791343 -4.662290094341221 
-5.0 -5.0 
-5.0 -5.0 
-5.0 -5.0 
-5.0 -4.757465000000001 
-4.713416666666667 -5.0 
-5.0 -3.620860350000001 
-5.0 -5.0 
-5.0 -5.0 
-5.0 -5.0 
-5.0 -4.65 
-4.457232033416668 -5.1005 
-4.565247416666668 -5.0 
-5.0 -5.0 
-5.0 -5.0 
-5.0 -5.0 
-5.0 -5.0 
-5.0 -5.0 
-5.0 -5.0 
-5.0 -5.0 
-5.0 -5.0 
-5.0 -5.0 
-5.0 -5.0 
-5.0 -5.0 
-5.0 -5.0 
-5.0 -5.0 
-5.0 -5.0 
-5.0 -5.0 
-4.925 -5.0 
-5.0 -5.0 
-4.925 -5.0 
-5.0 -5.0 
-5.0 -5.0 
-5.0 -5.0 
-4.8575 -5.0 
-4.79675 -5.0 
-4.925 -5.1005 
-5.0 -5.0 
-5.0 -5.0 
-5.0 -5.0 
-4.79675 -5.0 
-5.0 -4.3035000000000005 
-4.79675 -5.0 
-5.0 -5.0 
-5.0 -5.0 
-5.0 -5.0 
-4.8575 -5.092175 
-4.925 -5.0 
-4.8575 -5.0 
-5.0 -5.0 
-5.0 -5.0 
-5.0 -5.0 
-5.0 -5.0 
-4.8575 -5.1005 
-4.925 -5.0 
-5.0 -5.0 
-5.0 -5.0 
-5.0 -5.0 
-5.0 -5.0 
-5.0 -5.0 
-5.0 -5.0 
-5.0 -5.0 
-5.0 -5.0 
-5.0 -5.0 
-5.0 -5.0 
-5.0 -5.0 
-5.0 -5.0 
-5.0 -5.0 
-5.0 -5.0 
-5.0 -5.0 
-5.0 -5.0 
-5.0 -5.0 
-5.0 -5.0 
-5.0 -5.0 
-5.0 -5.0 
-5.0 -5.0 
-5.0 -5.0 
-5.0 -5.0 
-4.93 -5.0 
-5.0 -5.0 
-5.0 -5.0 
-5.0 -5.0 
-5.0 -5.0 
-4.867 -5.0 
-5.0 -4.65 
-5.0 -5.0 
-5.0 -5.0 
-5.0 -5.0 
-5.0 -5.0 
-5.0 -5.0 
-5.0 -5.0 
-5.0 -5.0 
-5.0 -5.0 
-5.0 -5.0 
-5.0 -5.0 
-5.0 -5.0 
-5.0 -5.0 
-5.0 -5.0 
-5.0 -5.0 
-5.0 -5.0 
-5.0 -5.0 
-5.0 -5.0 
-5.0 -5.0 
-5.0 -5.0 
-5.0 -5.0 
-5.0 -5.0 
-5.0 -5.0 
-5.0 -5.0 
-5.0 -5.0 
-5.0 -5.0 
-5.0 -5.0 
-5.0 -5.0 
-5.0 -5.0 
-5.0 -5.0 
-5.0 -5.0 
-5.0 -5.0 
-5.0 -5.0 
-5.0 -5.0 
-5.0 -5.0 
-5.0 -5.0 
-5.0 -5.0 
-5.0 -5.0 
-5.0 -5.0 
-5.0 -5.0 
-5.0 -5.0 
-5.0 -5.0 
-5.0 -5.0 
-5.0 -5.0 
-5.0 -5.0 
-5.0 -5.0 
-5.0 -5.0 
-5.0 -5.0 
-5.0 -5.0 
-5.0 -5.0 
-5.0 -5.0 
-5.0 -5.0 
-5.0 -5.0 
-5.0 -5.0 
-5.0 -5.0 
-5.0 -5.0 
-5.0 -5.0 
