0.0 0.0 
0.0 0.0 
0.0 0.0 
0.0 0.0 
0.0 0.0 
0.0 0.0 
0.0 0.0 
0.0 0.0 
0.0 0.0 
0.0 0.0 
0.0 0.0 
0.0 0.0 
0.0 0.0 
0.0 0.0 
0.0 0.0 
0.0 0.0 
0.0 0.0 
0.0 0.0 
0.0 0.0 
0.574577162699007 -0.7428240000000002 
0.6010636258483659 -0.0463827 
0.5479603517123481 0.08305531053 
0.0 0.0 
0.0 0.0 
0.0 0.0 
0.6053966166383131 -2.0070328725148414 
0.6218812160573143 -0.8559424720359685 
0.6516202958478742 -0.1454719230421784 
0.0 0.0 
0.0 0.0 
0.0 0.0 
0.7243594734522403 -1.6122364270386744 
0.6665336126662856 -1.0860938826896225 
0.7419338009685271 0.14571883857496976 
0.0 0.0 
0.0 0.0 
0.0 0.0 
0.6088785334464345 -1.9199527814401376 
0.5030641425316651 -0.8042569863011345 
0.6084443965842538 -0.28379208932190825 
0.0 0.0 
0.0 0.0 
0.0 0.0 
0.0 0.0 
0.0 0.0 
0.0 0.0 
0.0 0.0 
0.0 0.0 
0.0 0.0 
0.0 0.0 
0.0 0.0 
0.0 0.0 
0.0 0.0 
0.0 0.0 
0.0 0.0 
0.0 0.0 
0.0 0.0 
0.0 0.0 
0.0 0.0 
0.0 0.0 
0.0 0.0 
0.320038183933891 -0.45554543000000014 
0.18296927499910864 -0.3772727000000001 
0.27550418348157557 0.12425316051414297 
0.0 0.0 
0.0 0.0 
0.0 0.0 
0.40432357738820607 -0.9794120906213185 
0.3341595321553063 -0.43994459025353017 
0.29200101246396776 -0.04156256605772604 
0.0 0.0 
0.0 0.0 
0.0 0.0 
0.26168013839677917 -1.0457665753467014 
0.19693607348273034 -0.6545984163964159 
0.3517461723259802 -0.005798741220905575 
0.0 0.0 
0.0 0.0 
0.0 0.0 
0.3375813392367269 -0.8481835039293316 
0.24485915949311943 -0.24803473384342412 
0.2857928974180015 0.0702681935567408 
0.0 0.0 
0.0 0.0 
0.0 0.0 
0.0 0.0 
0.0 0.0 
0.0 0.0 
0.0 0.0 
0.0 0.0 
0.0 0.0 
0.0 0.0 
0.0 0.0 
0.0 0.0 
0.0 0.0 
0.0 0.0 
0.0 0.0 
0.0 0.0 
0.0 0.0 
0.0 0.0 
0.0 0.0 
0.0 0.0 
0.0 0.0 
-0.14826354941748465 -0.09801272176000009 
-0.07143597720534973 0.06438682789132634 
-0.062381187703355885 0.14400512080688918 
0.0 0.0 
0.0 0.0 
0.0 0.0 
-0.1823894784232955 -0.13299393680991803 
-0.13423459997506204 0.10804797352824735 
-0.16460684451824995 0.1891829842977999 
0.0 0.0 
0.0 0.0 
0.0 0.0 
0.002749158781397542 -0.14153461683582869 
-0.03900443958950509 0.20070402835816195 
-0.22917400532579635 0.2584185281725218 
0.0 0.0 
0.0 0.0 
0.0 0.0 
-0.21388590173433286 -0.08483225487937562 
-0.3220700069639396 0.16123683300178615 
0.004460848847757239 0.22375157761674033 
0.0 0.0 
0.0 0.0 
0.0 0.0 
0.0 0.0 
0.0 0.0 
0.0 0.0 
0.0 0.0 
0.0 0.0 
0.0 0.0 
0.0 0.0 
0.0 0.0 
0.0 0.0 
0.0 0.0 
0.0 0.0 
0.0 0.0 
0.0 0.0 
0.0 0.0 
0.0 0.0 
0.0 0.0 
0.0 0.0 
0.0 0.0 
0.0 0.36347457 
-0.03055464970173998 0.164487 
0.0 0.1137 
0.0 0.0 
0.0 0.0 
0.0 0.0 
-0.2868312658261937 0.8090374979957821 
-0.10505885948723327 0.582173091675387 
-0.2557462712245831 0.4172275479856495 
0.0 0.0 
0.0 0.0 
0.0 0.0 
-0.21051595962097716 0.741665670685246 
-0.18252870955980544 0.38228283468847823 
-0.2824622518506054 0.27793810376687283 
0.0 0.0 
0.0 0.0 
0.0 0.0 
0.0 0.6493893441370874 
-0.02362828057387203 0.5428204698839466 
-0.07383638650109922 0.41935614462215354 
0.0 0.0 
0.0 0.0 
0.0 0.0 
0.0 0.0 
0.0 0.0 
0.0 0.0 
0.0 0.0 
0.0 0.0 
0.0 0.0 
0.0 0.0 
0.0 0.0 
0.0 0.0 
0.0 0.0 
0.0 0.0 
0.0 0.0 
0.0 0.0 
0.0 0.0 
0.0 0.0 
0.0 0.0 
0.0 0.0 
0.0 0.0 
0.0 0.0 
0.0 0.0 
-0.06333499337469577 0.0 
0.0 0.0 
0.0 0.0 
0.0 0.0 
-0.3407503598537027 0.0 
-0.2067663509981058 0.0 
0.0 0.09213999999999999 
0.0 0.0 
0.0 0.0 
0.0 0.0 
-0.051225015894259096 0.0 
-0.05046708164822385 0.36454 
0.0 0.1433285 
0.0 0.0 
0.0 0.0 
0.0 0.0 
-0.060544137357328554 0.0 
0.0 0.2164 
0.0 0.0 
0.0 0.0 
0.0 0.0 
0.0 0.0 
0.0 0.0 
0.0 0.0 
0.0 0.0 
0.0 0.0 
0.0 0.0 
0.0 0.0 
0.0 0.0 
0.0 0.0 
0.0 0.0 
0.0 0.0 
0.0 0.0 
0.0 0.0 
0.0 0.0 
0.0 0.0 
0.0 0.0 
0.0 0.0 
0.0 0.0 
0.0 0.0 
0.0 0.0 
0.0 0.0 
0.0 0.0 
0.0 0.0 
0.0 0.0 
0.0 0.0 
0.0 0.0 
0.0 0.0 
0.0 0.0 
0.0 0.0 
0.0 0.0 
0.0 0.0 
0.0 0.0 
0.0 0.0 
0.0 0.0 
0.0 0.0 
0.0 0.0 
0.0 0.0 
0.0 0.0 
0.0 0.0 
0.0 0.0 
0.0 0.0 
0.0 0.0 
