0.0 0.0 
0.0 0.0 
0.0 0.0 
0.0 0.0 
0.0 0.0 
0.0 0.0 
0.0 0.0 
0.0 0.0 
0.0 0.0 
0.0 0.0 
0.0 0.0 
0.0 0.0 
0.0 0.0 
0.40951000000000004 0.0 
0.5695327900000001 0.0 
0.271 0.0 
0.0 0.0 
0.0 0.0 
0.0 0.0 
0.9903022627021246 0.0 
0.9576088417247839 0.0 
0.9835767967317393 0.0 
0.0 0.0 
0.0 0.0 
0.0 0.0 
0.9999872957652524 0.0 
0.9999885661887271 0.0 
0.999990738612869 0.0 
0.0 0.0 
0.0 0.0 
0.0 0.0 
0.9993038013908692 0.0 
0.9983826907300771 0.0 
0.9990449950492033 0.0 
0.0 0.0 
0.0 0.0 
0.0 0.0 
0.9999999941970117 0.0 
0.9999999890806536 0.0 
0.9999999983610646 0.0 
0.0 0.0 
0.0 0.0 
0.0 0.0 
0.0 0.0 
0.0 0.0 
0.0 0.0 
0.0 0.0 
0.0 0.0 
0.0 0.0 
0.0 0.0 
0.0 0.0 
0.0 0.0 
0.0 0.0 
0.0 0.0 
0.0 0.0 
0.271 -0.2 
0.271 0.0 
0.1 0.0597 
0.0 0.0 
0.0 0.0 
0.0 0.0 
0.9528987130275376 -0.27941865828329004 
0.9852191170585654 0.161751096381 
0.9202335569231275 -0.25259225078851844 
0.0 0.0 
0.0 0.0 
0.0 0.0 
0.9999734386011123 -1.1627649470113524 
0.9998033729495244 -0.37720359468862863 
0.9999059538913014 -0.3620601601446087 
0.0 0.0 
0.0 0.0 
0.0 0.0 
0.997534965295042 -1.0434062000000002 
0.9852191170585654 -0.2 
0.9817519963685992 0.30207089813603527 
0.0 0.0 
0.0 0.0 
0.0 0.0 
0.9999858841836138 -1.1390655800000002 
0.9999950781191616 -0.3486510588713735 
0.9998955043236682 -0.008298090471922842 
0.0 0.0 
0.0 0.0 
0.0 0.0 
0.0 0.0 
0.0 0.0 
0.0 0.0 
0.0 0.0 
0.0 0.0 
0.0 0.0 
0.0 0.0 
0.0 0.0 
0.0 0.0 
0.0 0.0 
0.0 0.0 
0.0 0.0 
0.1355 -0.2 
0.17195000000000002 0.0 
0.05 0.0 
0.0 0.0 
0.0 0.0 
0.0 0.0 
0.4908759981842996 -0.11047094945657561 
0.4809239787761527 -0.6878000000000001 
0.473832618348632 -0.20466065116513682 
0.0 0.0 
0.0 0.0 
0.0 0.0 
0.4996867106258911 -1.1586164027137609 
0.49979445084164714 -0.6764101606815701 
0.4996519006954346 0.05672830514414287 
0.0 0.0 
0.0 0.0 
0.0 0.0 
0.49646517475492447 -0.6878000000000001 
0.4898622202047773 -0.3037430463050106 
0.17195000000000002 0.048848308680395365 
0.0 0.0 
0.0 0.0 
0.0 0.0 
0.4981214489369319 -0.3732071942976591 
0.49681865727943203 -0.020291680696689796 
0.4956360182159561 -0.08631079409696571 
0.0 0.0 
0.0 0.0 
0.0 0.0 
0.0 0.0 
0.0 0.0 
0.0 0.0 
0.0 0.0 
0.0 0.0 
0.0 0.0 
0.0 0.0 
0.0 0.0 
0.0 0.0 
0.0 0.0 
0.0 0.0 
0.0 0.0 
0.11463333333333332 0.0 
0.0 0.0 
0.0 0.0 
0.0 0.0 
0.0 0.0 
0.0 0.0 
0.3117963937025778 -0.6878000000000001 
0.3067445189743758 -0.07829213700000003 
0.2777427276677781 -0.245599967873 
0.0 0.0 
0.0 0.0 
0.0 0.0 
0.3328481405523564 -0.5943917943117416 
0.33279423024335897 -0.25817865501633835 
0.3328481405523564 0.09413408604722585 
0.0 0.0 
0.0 0.0 
0.0 0.0 
0.328899068450903 -0.8190200000000001 
0.328899068450903 -0.31043 
0.3230322818724558 -0.023410898680496214 
0.0 0.0 
0.0 0.0 
0.0 0.0 
0.29280778180314354 -0.13162261467000003 
0.30050763659387963 -0.542 
0.3067445189743758 -0.01660713654389695 
0.0 0.0 
0.0 0.0 
0.0 0.0 
0.0 0.0 
0.0 0.0 
0.0 0.0 
0.0 0.0 
0.0 0.0 
0.0 0.0 
0.0 0.0 
0.0 0.0 
0.0 0.0 
0.0 0.0 
0.0 0.0 
0.0 0.0 
0.0 0.0 
0.0475 0.0 
0.0 0.03 
0.0 0.0 
0.0 0.0 
0.0 0.0 
0.23384729527693332 -0.542 
0.186453354291775 -0.38 
0.23546256574924 -0.043989431549228464 
0.0 0.0 
0.0 0.0 
0.0 0.0 
0.2454379990921498 -0.6878000000000001 
0.2485683957757444 -0.10298918564692927 
0.24757556567553116 0.027665110356709606 
0.0 0.0 
0.0 0.0 
0.0 0.0 
0.22784265470086876 -0.542 
0.23005838923078187 -0.05984560939137473 
0.24304679026390766 0.0 
0.0 0.0 
0.0 0.0 
0.0 0.0 
0.15314487775000002 -0.38 
0.16283038997500002 -0.2 
0.186453354291775 0.0 
0.0 0.0 
0.0 0.0 
0.0 0.0 
0.0 0.0 
0.0 0.0 
0.0 0.0 
0.0 0.0 
0.0 0.0 
0.0 0.0 
0.0 0.0 
0.0 0.0 
0.0 0.0 
0.0 0.0 
0.0 0.0 
0.0 0.0 
0.0 0.0 
0.0 0.0 
0.0 0.0 
0.0 0.0 
0.0 0.0 
0.0 0.0 
0.0 0.0 
0.0 0.0 
0.0 0.0 
0.0 0.0 
0.0 0.0 
0.0 0.0 
0.0 0.0 
0.0 0.0 
0.0 0.0 
0.0 0.0 
0.0 0.0 
0.0 0.0 
0.0 0.0 
0.0 0.0 
0.0 0.0 
0.0 0.0 
0.0 0.0 
0.0 0.0 
0.0 0.0 
0.0 0.0 
0.0 0.0 
0.0 0.0 
0.0 0.0 
