0.0 0.0 
0.0 0.0 
0.0 0.0 
0.0 0.0 
0.0 0.0 
0.0 0.0 
0.0 0.0 
0.0 0.0 
0.0 0.0 
0.0 0.0 
0.0 0.0 
0.0 0.0 
0.0 0.0 
0.0 0.0 
0.0 0.0 
0.0 0.0 
0.0 0.0 
0.0 0.0 
0.0 0.0 
0.6698090786304138 -0.8845416000000001 
0.7076527199333162 -0.5821809870000001 
0.49193934910082376 -0.141687786 
0.0 0.0 
0.0 0.0 
0.0 0.0 
0.6442983322464206 -1.930512501816553 
0.7168134146477577 -0.48792959218295157 
0.5387120236922707 0.12463940253306305 
0.0 0.0 
0.0 0.0 
0.0 0.0 
0.6154722174013724 -1.687060988034344 
0.5615378149183551 -0.7641603861167084 
0.718353458969742 0.12379550453147012 
0.0 0.0 
0.0 0.0 
0.0 0.0 
0.6070401077259535 -1.9531408405514226 
0.6003216839836415 -1.1021964917699805 
0.40678850275160605 -0.06375805359055828 
0.0 0.0 
0.0 0.0 
0.0 0.0 
0.0 0.0 
0.0 0.0 
0.0 0.0 
0.0 0.0 
0.0 0.0 
0.0 0.0 
0.0 0.0 
0.0 0.0 
0.0 0.0 
0.0 0.0 
0.0 0.0 
0.0 0.0 
0.0 0.0 
0.0 0.0 
0.0 0.0 
0.0 0.0 
0.0 0.0 
0.0 0.0 
0.17799034132524924 -0.3260316000000001 
0.1541494629106721 -0.26482400000000006 
0.35657732663103714 -0.07998940670970006 
0.0 0.0 
0.0 0.0 
0.0 0.0 
0.06583786927630073 -1.0546835948868107 
0.21118846861488003 -0.07693639135245953 
0.2121016932337563 -0.060259343087912004 
0.0 0.0 
0.0 0.0 
0.0 0.0 
0.1520510832164344 -0.7701662867702073 
0.271517361544589 -0.407267324371829 
0.2184117988208598 0.07423074259568155 
0.0 0.0 
0.0 0.0 
0.0 0.0 
0.399028724286345 -0.9490062030343733 
0.19397789216149142 -0.2305932978013653 
0.2385328260386692 -0.04810276396065033 
0.0 0.0 
0.0 0.0 
0.0 0.0 
0.0 0.0 
0.0 0.0 
0.0 0.0 
0.0 0.0 
0.0 0.0 
0.0 0.0 
0.0 0.0 
0.0 0.0 
0.0 0.0 
0.0 0.0 
0.0 0.0 
0.0 0.0 
0.0 0.0 
0.0 0.0 
0.0 0.0 
0.0 0.0 
0.0 0.0 
0.0 0.0 
0.05645066116304584 -0.09801272176000009 
-0.05409323759433986 0.15030914895942593 
-0.0980152077091437 0.2087313016828845 
0.0 0.0 
0.0 0.0 
0.0 0.0 
-0.1415220615665281 -0.11547548841445092 
-0.12350118310987544 0.08323399223044103 
0.005903309112471828 0.2617859203736448 
0.0 0.0 
0.0 0.0 
0.0 0.0 
-0.18520414304946115 -0.11128962663146391 
0.02616015014727618 0.15990529796480007 
0.056313032982699504 0.3007604801270492 
0.0 0.0 
0.0 0.0 
0.0 0.0 
-0.049227640585772815 -0.10099728768954652 
-0.08870452952149487 0.24564728242201364 
-0.06194624066313417 0.23191474287471894 
0.0 0.0 
0.0 0.0 
0.0 0.0 
0.0 0.0 
0.0 0.0 
0.0 0.0 
0.0 0.0 
0.0 0.0 
0.0 0.0 
0.0 0.0 
0.0 0.0 
0.0 0.0 
0.0 0.0 
0.0 0.0 
0.0 0.0 
0.0 0.0 
0.0 0.0 
0.0 0.0 
0.0 0.0 
0.0 0.0 
0.0 0.0 
0.0 0.18633 
0.0 0.150666 
-0.05555989190141306 0.164487 
0.0 0.0 
0.0 0.0 
0.0 0.0 
-0.1588697067060613 0.7531851989452223 
-0.07025644860922141 0.555961742211088 
-0.3641921570756588 0.36501620561921266 
0.0 0.0 
0.0 0.0 
0.0 0.0 
-0.06927606007878544 0.7007824749021908 
-0.06928312570985473 0.4478777600467961 
-0.0774522777121859 0.38526676546553357 
0.0 0.0 
0.0 0.0 
0.0 0.0 
0.0 0.659524376816312 
-0.03574414481136233 0.4878552134681461 
-0.35405724014925255 0.44970078030885235 
0.0 0.0 
0.0 0.0 
0.0 0.0 
0.0 0.0 
0.0 0.0 
0.0 0.0 
0.0 0.0 
0.0 0.0 
0.0 0.0 
0.0 0.0 
0.0 0.0 
0.0 0.0 
0.0 0.0 
0.0 0.0 
0.0 0.0 
0.0 0.0 
0.0 0.0 
0.0 0.0 
0.0 0.0 
0.0 0.0 
0.0 0.0 
0.0 0.0 
0.0 0.0 
0.0 0.0 
0.0 0.0 
0.0 0.0 
0.0 0.0 
-0.06503054391676524 0.21459999999999999 
-0.09974073871262645 0.184 
-0.12122810468066297 0.0 
0.0 0.0 
0.0 0.0 
0.0 0.0 
-0.06823108202992804 0.0 
-0.09617892171892593 0.034999999999999996 
-0.10834311661163826 0.0 
0.0 0.0 
0.0 0.0 
0.0 0.0 
-0.1078227709684505 0.3496 
-0.0646123612282509 0.0 
-0.0741253957573119 0.184 
0.0 0.0 
0.0 0.0 
0.0 0.0 
0.0 0.0 
0.0 0.0 
0.0 0.0 
0.0 0.0 
0.0 0.0 
0.0 0.0 
0.0 0.0 
0.0 0.0 
0.0 0.0 
0.0 0.0 
0.0 0.0 
0.0 0.0 
0.0 0.0 
0.0 0.0 
0.0 0.0 
0.0 0.0 
0.0 0.0 
0.0 0.0 
0.0 0.0 
0.0 0.0 
0.0 0.0 
0.0 0.0 
0.0 0.0 
0.0 0.0 
0.0 0.0 
0.0 0.0 
0.0 0.0 
0.0 0.0 
0.0 0.0 
0.0 0.0 
0.0 0.0 
0.0 0.0 
0.0 0.0 
0.0 0.0 
0.0 0.0 
0.0 0.0 
0.0 0.0 
0.0 0.0 
0.0 0.0 
0.0 0.0 
0.0 0.0 
