0.0 0.0 
0.1 0.0 
0.0 0.0 
0.0 0.0 
0.0 0.0 
0.0 0.0 
0.0 0.0 
0.0 0.0 
0.0 0.0 
0.0 0.0 
0.0 0.0 
0.0 0.0 
0.0 0.0 
0.40951000000000004 0.0 
0.34390000000000004 0.0 
0.717570463519 0.0 
0.0 0.0 
0.0 0.0 
0.0 0.0 
0.9852191170585654 0.0 
0.9797244404095546 0.0 
0.9852191170585654 0.0 
0.0 0.0 
0.0 0.0 
0.0 0.0 
0.9999500200419471 0.0 
0.9999734386011123 0.0 
0.999978485266901 0.0 
0.0 0.0 
0.0 0.0 
0.0 0.0 
0.999140495544283 0.0 
0.9985444216570694 0.0 
0.9995432240925493 0.0 
0.0 0.0 
0.0 0.0 
0.0 0.0 
0.9999999996250644 0.0 
0.9999999977518034 0.0 
0.9999999985249581 0.0 
0.0 0.0 
0.0 0.0 
0.0 0.0 
0.0 0.0 
0.0 0.0 
0.0 0.0 
0.0 0.0 
0.0 0.0 
0.0 0.0 
0.0 0.0 
0.0 0.0 
0.0 0.0 
0.0 0.0 
0.0 0.0 
0.0 0.0 
0.271 -0.38 
0.19 -0.2 
0.34390000000000004 0.0 
0.0 0.0 
0.0 0.0 
0.0 0.0 
0.8784233454094308 -0.6878000000000001 
0.9721871610556306 0.43062906639157594 
0.9528987130275376 0.20927794795340138 
0.0 0.0 
0.0 0.0 
0.0 0.0 
0.9996300115149649 -1.6642183869401095 
0.9997572505549683 -0.09902385586051138 
0.9996670103634684 0.1471396360706031 
0.0 0.0 
0.0 0.0 
0.0 0.0 
0.9966186080864774 -0.8190200000000001 
0.9982029897000857 -0.2548727963568088 
0.9929303495098489 -0.38 
0.0 0.0 
0.0 0.0 
0.0 0.0 
0.9999916647515821 -1.1205590004013881 
0.9999885661887271 -0.0671052453546527 
0.9999885661887271 0.36075665958117636 
0.0 0.0 
0.0 0.0 
0.0 0.0 
0.0 0.0 
0.0 0.0 
0.0 0.0 
0.0 0.0 
0.0 0.0 
0.0 0.0 
0.0 0.0 
0.0 0.0 
0.0 0.0 
0.0 0.0 
0.0 0.0 
0.0 0.0 
0.095 -0.38 
0.17195000000000002 -0.173 
0.0 0.0597 
0.0 0.0 
0.0 0.0 
0.0 0.0 
0.4641051006154074 -0.3557 
0.473832618348632 -0.4699738545109181 
0.4809239787761527 0.0 
0.0 0.0 
0.0 0.0 
0.0 0.0 
0.49981500575748244 -1.1390655800000002 
0.4997462356069718 -0.24020117025507487 
0.49910149485004285 0.2019301539200336 
0.0 0.0 
0.0 0.0 
0.0 0.0 
0.49742311239633996 -0.8190200000000001 
0.49847837363891484 -0.14093525239447313 
0.4908759981842996 -0.12652336050000001 
0.0 0.0 
0.0 0.0 
0.0 0.0 
0.49178839836586963 -1.0434062000000002 
0.49646517475492447 -0.31868558618736453 
0.4981214489369319 0.1679355588997131 
0.0 0.0 
0.0 0.0 
0.0 0.0 
0.0 0.0 
0.0 0.0 
0.0 0.0 
0.0 0.0 
0.0 0.0 
0.0 0.0 
0.0 0.0 
0.0 0.0 
0.0 0.0 
0.0 0.0 
0.0 0.0 
0.0 0.0 
0.03333333333333333 0.0 
0.0 0.03 
0.1365033333333333 0.0 
0.0 0.0 
0.0 0.0 
0.0 0.0 
0.2833017882343336 -0.2 
0.17390103333333332 -0.1703 
0.30050763659387963 0.0 
0.0 0.0 
0.0 0.0 
0.0 0.0 
0.33097678316994966 -1.2698716511027 
0.33042401214397077 -0.38124183639959075 
0.33121243818628804 0.054150410755890235 
0.0 0.0 
0.0 0.0 
0.0 0.0 
0.3117963937025778 -0.9371180000000001 
0.33097678316994966 -0.37670912254686173 
0.31920294724159465 -0.165683 
0.0 0.0 
0.0 0.0 
0.0 0.0 
0.3258238668183536 -0.8190200000000001 
0.321887720599025 -0.18618540038235806 
0.29280778180314354 -0.09864299999999998 
0.0 0.0 
0.0 0.0 
0.0 0.0 
0.0 0.0 
0.0 0.0 
0.0 0.0 
0.0 0.0 
0.0 0.0 
0.0 0.0 
0.0 0.0 
0.0 0.0 
0.0 0.0 
0.0 0.0 
0.0 0.0 
0.0 0.0 
0.0 0.0 
0.0475 0.0 
0.0 0.0 
0.0 0.0 
0.0 0.0 
0.0 0.0 
0.19852721697633777 -0.6878000000000001 
0.22784265470086876 -0.2 
0.23005838923078187 0.1650567339201779 
0.0 0.0 
0.0 0.0 
0.0 0.0 
0.24757556567553116 -0.2898695220735359 
0.24931526813751168 -0.22477195851885257 
0.24589419918293481 -0.10564961089599462 
0.0 0.0 
0.0 0.0 
0.0 0.0 
0.22784265470086876 -0.8190200000000001 
0.21247634117575023 -0.27100712929418247 
0.24046198938807636 -0.3825587198137403 
0.0 0.0 
0.0 0.0 
0.0 0.0 
0.19280801886259752 -0.38 
0.186453354291775 -0.2 
0.22264525271712193 -0.13166929542491662 
0.0 0.0 
0.0 0.0 
0.0 0.0 
0.0 0.0 
0.0 0.0 
0.0 0.0 
0.0 0.0 
0.0 0.0 
0.0 0.0 
0.0 0.0 
0.0 0.0 
0.0 0.0 
0.0 0.0 
0.0 0.0 
0.0 0.0 
0.0 0.0 
0.0 0.0 
0.0 0.0 
0.0 0.0 
0.0 0.0 
0.0 0.0 
0.0 0.0 
0.0 0.0 
0.0 0.0 
0.0 0.0 
0.0 0.0 
0.0 0.0 
0.0 0.0 
0.0 0.0 
0.0 0.0 
0.0 0.0 
0.0 0.0 
0.0 0.0 
0.0 0.0 
0.0 0.0 
0.0 0.0 
0.0 0.0 
0.0 0.0 
0.0 0.0 
0.0 0.0 
0.0 0.0 
0.0 0.0 
0.0 0.0 
0.0 0.0 
