0.0 0.0 
0.0 0.0 
0.0 0.0 
0.0 0.0 
0.0 0.0 
0.0 0.0 
0.0 0.0 
0.0 0.0 
0.0 0.0 
0.0 0.0 
0.0 0.0 
0.0 0.0 
0.0 0.0 
0.271 0.0 
0.1 0.0 
0.40951000000000004 0.0 
0.0 0.0 
0.0 0.0 
0.0 0.0 
0.94185026299696 0.0 
0.9866972053527088 0.0 
0.94185026299696 0.0 
0.0 0.0 
0.0 0.0 
0.0 0.0 
0.9999967707539819 0.0 
0.9999550180377524 0.0 
0.9999059538913014 0.0 
0.0 0.0 
0.0 0.0 
0.0 0.0 
0.9997815254994715 0.0 
0.9997003093271215 0.0 
0.9998407320891147 0.0 
0.0 0.0 
0.0 0.0 
0.0 0.0 
0.9999999972244487 0.0 
0.999999999726672 0.0 
0.9999999947773105 0.0 
0.0 0.0 
0.0 0.0 
0.0 0.0 
0.0 0.0 
0.0 0.0 
0.0 0.0 
0.0 0.0 
0.0 0.0 
0.0 0.0 
0.0 0.0 
0.0 0.0 
0.0 0.0 
0.0 0.0 
0.0 0.0 
0.0 0.0 
0.0 -0.2 
0.271 -0.2 
0.0 0.0597 
0.0 0.0 
0.0 0.0 
0.0 0.0 
0.9282102012308148 -0.38 
0.8784233454094308 -0.19626813032671775 
0.9282102012308148 0.07852363269487392 
0.0 0.0 
0.0 0.0 
0.0 0.0 
0.9999825730661898 -1.0523817590865432 
0.9999595162339772 0.13312014461736318 
0.9998566588802033 -0.06377289552219328 
0.0 0.0 
0.0 0.0 
0.0 0.0 
0.9983826907300771 -0.9371180000000001 
0.9995432240925493 -0.4302423203268261 
0.9983826907300771 0.1762507248420428 
0.0 0.0 
0.0 0.0 
0.0 0.0 
0.9999825730661898 -1.1390655800000002 
0.9999444667132745 -0.20428984807105469 
0.9999153585021713 0.27741632998106763 
0.0 0.0 
0.0 0.0 
0.0 0.0 
0.0 0.0 
0.0 0.0 
0.0 0.0 
0.0 0.0 
0.0 0.0 
0.0 0.0 
0.0 0.0 
0.0 0.0 
0.0 0.0 
0.0 0.0 
0.0 0.0 
0.0 0.0 
0.0 -0.173 
0.095 0.0 
0.0 0.0 
0.0 0.0 
0.0 0.0 
0.0 0.0 
0.407348990557408 -0.542 
0.39705443395267553 0.0 
0.38561603772519504 0.11566919403430499 
0.0 0.0 
0.0 0.0 
0.0 0.0 
0.4997716120462746 -1.3965755646611464 
0.4997462356069718 -0.375469720332248 
0.4999016864747622 0.2354996603874548 
0.0 0.0 
0.0 0.0 
0.0 0.0 
0.4993449897456812 -0.9214721822702406 
0.497680801156706 0.035791485640770726 
0.498767482647521 -0.2725959589982856 
0.0 0.0 
0.0 0.0 
0.0 0.0 
0.49863053627502335 -0.8190200000000001 
0.497680801156706 -0.6733777085538037 
0.4983093040432387 0.08335749239113704 
0.0 0.0 
0.0 0.0 
0.0 0.0 
0.0 0.0 
0.0 0.0 
0.0 0.0 
0.0 0.0 
0.0 0.0 
0.0 0.0 
0.0 0.0 
0.0 0.0 
0.0 0.0 
0.0 0.0 
0.0 0.0 
0.0 0.0 
0.0 0.0 
0.0 0.0 
0.06333333333333332 -0.2 
0.0 0.0 
0.0 0.0 
0.0 0.0 
0.2171071866333333 -0.8190200000000001 
0.2287298013033333 0.007854329955570005 
0.2777427276677781 0.14455707379077226 
0.0 0.0 
0.0 0.0 
0.0 0.0 
0.332940327180742 -0.2820436673502879 
0.3325938229218459 -0.09835845369331193 
0.332940327180742 -0.3249779570804763 
0.0 0.0 
0.0 0.0 
0.0 0.0 
0.33042401214397077 -0.6878000000000001 
0.3272506654561998 -0.8571544819824171 
0.328899068450903 0.13703979314550205 
0.0 0.0 
0.0 0.0 
0.0 0.0 
0.28830494274423357 0.0 
0.29686033695616254 -0.38890567002891 
0.2647029559684503 -0.33230000000000004 
0.0 0.0 
0.0 0.0 
0.0 0.0 
0.0 0.0 
0.0 0.0 
0.0 0.0 
0.0 0.0 
0.0 0.0 
0.0 0.0 
0.0 0.0 
0.0 0.0 
0.0 0.0 
0.0 0.0 
0.0 0.0 
0.0 0.0 
0.025 -0.2 
0.0 0.03 
0.0 0.0 
0.0 0.0 
0.0 0.0 
0.0 0.0 
0.186453354291775 -0.542 
0.14238319750000003 -0.3557 
0.0475 -0.11656222024672264 
0.0 0.0 
0.0 0.0 
0.0 0.0 
0.24630477926464134 -1.1390655800000002 
0.24803620819718025 -0.2931681302170616 
0.2454379990921498 -0.2925394163647642 
0.0 0.0 
0.0 0.0 
0.0 0.0 
0.2382246782568844 -0.2917157345299131 
0.24730618408392352 -0.2 
0.23384729527693332 -0.2980272783023662 
0.0 0.0 
0.0 0.0 
0.0 0.0 
0.15314487775000002 -0.38 
0.08597500000000001 -0.542 
0.08597500000000001 -0.2 
0.0 0.0 
0.0 0.0 
0.0 0.0 
0.0 0.0 
0.0 0.0 
0.0 0.0 
0.0 0.0 
0.0 0.0 
0.0 0.0 
0.0 0.0 
0.0 0.0 
0.0 0.0 
0.0 0.0 
0.0 0.0 
0.0 0.0 
0.0 0.0 
0.0 0.0 
0.0 0.0 
0.0 0.0 
0.0 0.0 
0.0 0.0 
0.0 0.0 
0.0 0.0 
0.0 0.0 
0.0 0.0 
0.0 0.0 
0.0 0.0 
0.0 0.0 
0.0 0.0 
0.0 0.0 
0.0 0.0 
0.0 0.0 
0.0 0.0 
0.0 0.0 
0.0 0.0 
0.0 0.0 
0.0 0.0 
0.0 0.0 
0.0 0.0 
0.0 0.0 
0.0 0.0 
0.0 0.0 
0.0 0.0 
0.0 0.0 
