3.0
0.0
3.0
1.0
2.3
6.3
3.3
3.833333333333333
2.8
9.3
15.633333333333333
12.0
2.1333333333333333
9.8
1.0
7.8
8.866666666666667
8.3
-1.0
1.3
12.766666666666667
13.633333333333333
5.0
0.0
7.3
19.71666666666667
11.0
0.0
6.75
1.8
12.8
2.333333333333333
13.3
3.0
12.183333333333334
8.333333333333334
5.633333333333333
7.0
19.9
2.833333333333333
1.5
12.433333333333334
4.0
13.0
2.833333333333333
2.0
1.5
1.0
2.883333333333333
21.1
20.083333333333336
2.833333333333333
17.400000000000002
14.3
1.0
16.85
18.933333333333334
4.0
11.333333333333332
3.1833333333333336
12.5
0.5
17.266666666666666
4.5
0.8333333333333333
1.0
10.083333333333334
21.316666666666666
8.166666666666668
1.083333333333333
25.433333333333334
14.3
7.216666666666666
4.633333333333333
15.55
20.066666666666666
17.983333333333334
7.3
0.0
23.3
7.499999999999999
6.383333333333333
2.333333333333333
6.0
9.0
27.23333333333333
20.1
0.0
11.633333333333333
-1.0
6.3
24.6
5.3
-1.0
12.383333333333333
2.833333333333333
6.466666666666667
11.5
27.8
5.5
-1.0
-1.0
21.449999999999996
16.349999999999998
19.6
5.666666666666667
-1.0
0.0
3.3333333333333335
20.799999999999997
15.600000000000001
17.766666666666666
2.716666666666667
14.966666666666669
8.083333333333334
6.333333333333334
5.05
6.999999999999999
27.916666666666668
2.0
20.983333333333334
5.8
13.0
14.966666666666667
-1.0
17.833333333333336
3.333333333333333
4.5
23.43333333333333
8.1
13.333333333333334
10.833333333333332
26.6
17.5
17.0
16.966666666666665
0.5
4.0
0.5
15.333333333333332
5.083333333333333
6.5
14.333333333333334
27.8
4.133333333333333
7.3999999999999995
3.3
7.633333333333333
18.416666666666668
10.416666666666668
18.316666666666666
-1.0
4.0
1.5
15.8
9.083333333333334
16.3
5.3
15.133333333333333
5.633333333333333
24.33333333333333
9.233333333333333
2.1666666666666665
9.333333333333334
1.0
10.833333333333334
17.066666666666666
5.833333333333333
22.46666666666667
28.26666666666667
3.083333333333333
3.0
5.5
6.333333333333333
27.21666666666667
6.416666666666666
22.5
25.133333333333333
6.216666666666667
8.966666666666667
18.8
23.583333333333336
10.8
16.083333333333336
16.383333333333333
9.583333333333334
4.416666666666666
1.3333333333333333
11.333333333333334
6.083333333333333
20.71666666666667
2.0
13.25
2.5
11.466666666666667
3.1333333333333333
4.0
18.683333333333334
2.083333333333333
13.133333333333333
22.716666666666665
12.016666666666666
23.416666666666664
2.3
10.833333333333334
7.6
16.5
3.383333333333333
-1.0
5.083333333333333
16.333333333333336
19.466666666666665
15.5
9.833333333333334
22.8
5.466666666666666
0.0
6.166666666666666
6.0
21.3
8.5
16.666666666666664
7.666666666666666
8.0
15.583333333333334
3.1666666666666665
11.999999999999998
16.75
4.0
13.55
0.5
4.633333333333333
26.4
19.0
28.066666666666666
19.383333333333333
0.30000000000000004
19.299999999999997
0.0
24.666666666666668
-1.0
7.3
10.416666666666666
21.549999999999997
25.433333333333334
0.0
11.100000000000001
16.483333333333334
28.966666666666665
12.8
6.249999999999999
7.0
14.5
15.333333333333334
7.799999999999999
1.5
7.3
4.4
6.333333333333333
20.0
3.5
7.433333333333334
11.166666666666668
3.0
4.666666666666666
3.4166666666666665
7.25
1.6333333333333333
4.0
15.516666666666666
1.7166666666666666
20.716666666666665
25.833333333333336
13.083333333333334
21.099999999999998
13.466666666666667
13.583333333333334
18.25
7.5
11.583333333333334
17.483333333333334
3.6666666666666665
23.916666666666668
20.633333333333333
2.25
19.75
4.833333333333333
-1.0
25.65
22.016666666666666
16.716666666666665
13.583333333333334
2.666666666666666
20.766666666666666
2.333333333333333
22.833333333333332
17.333333333333332
18.55
6.833333333333333
17.966666666666665
11.633333333333333
22.816666666666666
19.76666666666667
5.0
8.333333333333332
10.416666666666668
18.3
3.966666666666666
20.383333333333333
19.583333333333332
16.8
8.5
27.633333333333333
1.1333333333333333
4.333333333333333
0.0
6.083333333333333
9.883333333333333
1.9166666666666665
6.966666666666667
12.75
8.583333333333334
12.333333333333334
2.0
21.633333333333333
5.5
11.466666666666665
15.833333333333332
2.833333333333333
3.6833333333333336
12.066666666666666
18.25
14.666666666666666
14.483333333333334
18.666666666666668
26.766666666666666
1.1333333333333333
22.3
5.966666666666667
9.633333333333335
20.583333333333332
7.933333333333334
14.8
1.0
7.083333333333333
17.433333333333334
18.349999999999998
4.0
22.299999999999997
13.85
1.5
28.05
19.133333333333333
11.6
26.716666666666665
21.46666666666667
0.0
1.6333333333333333
12.716666666666667
29.4
21.46666666666667
19.266666666666666
12.5
23.25
23.483333333333334
1.0
22.18333333333333
7.049999999999999
28.433333333333334
20.71666666666667
18.3
19.166666666666664
16.083333333333332
9.3
22.833333333333336
14.833333333333334
2.333333333333333
1.0
9.416666666666666
20.916666666666664
21.266666666666666
11.100000000000001
19.05
6.916666666666666
-1.0
0.0
3.0
5.3
2.5
30.083333333333336
7.299999999999999
11.666666666666668
29.799999999999997
4.0
6.0
20.133333333333333
20.433333333333334
0.8333333333333333
6.916666666666666
1.8333333333333335
0.0
24.216666666666665
22.216666666666672
21.049999999999997
19.133333333333333
16.916666666666664
18.716666666666665
16.883333333333333
2.0
8.549999999999999
25.066666666666666
-1.0
4.833333333333333
1.5
20.883333333333333
9.833333333333334
19.883333333333333
25.133333333333336
6.0
3.633333333333333
7.5
1.5
25.433333333333334
10.35
5.333333333333333
20.6
21.966666666666665
0.0
22.5
18.966666666666665
22.71666666666667
0.0
13.483333333333334
0.0
18.21666666666667
17.666666666666668
2.0
8.883333333333333
-1.0
4.416666666666666
17.816666666666666
17.3
17.383333333333333
14.600000000000001
10.5
5.833333333333333
5.0
10.0
6.5
5.75
12.133333333333335
22.0
17.25
5.5
21.083333333333336
4.716666666666667
23.883333333333333
15.666666666666666
15.116666666666667
9.966666666666667
21.166666666666668
0.0
9.583333333333332
19.0
20.333333333333336
18.63333333333333
1.5
3.5
3.5
22.133333333333333
20.766666666666666
9.0
17.883333333333333
2.9166666666666665
15.166666666666666
25.933333333333334
21.96666666666667
14.216666666666665
6.3
23.316666666666666
1.0
5.583333333333333
25.38333333333333
0.0
17.416666666666664
6.0
14.349999999999998
23.433333333333337
8.883333333333333
10.916666666666666
19.333333333333332
5.5
20.800000000000004
11.1
8.3
2.0
2.716666666666667
-1.0
2.0
0.0
7.3
2.0
-1.0
6.666666666666666
21.883333333333333
2.833333333333333
9.55
17.3
3.0
3.333333333333333
15.0
24.65
9.5
7.0
2.333333333333333
21.916666666666668
9.8
9.083333333333332
8.5
5.083333333333333
8.833333333333334
19.016666666666666
16.683333333333334
24.516666666666666
3.5
10.833333333333332
1.0
3.0
20.083333333333332
0.5
19.783333333333335
8.0
20.466666666666665
7.833333333333332
27.416666666666664
26.299999999999997
3.383333333333333
22.916666666666668
21.066666666666666
15.349999999999998
20.433333333333334
4.633333333333333
0.8
8.966666666666667
2.0
21.766666666666666
2.0
25.5
0.0
5.0
10.966666666666667
8.583333333333334
18.799999999999997
16.583333333333332
4.5
23.83333333333333
0.5
17.0
12.416666666666666
22.533333333333335
16.416666666666668
2.416666666666667
18.933333333333334
18.85
16.833333333333336
15.8
17.0
17.650000000000002
0.0
5.216666666666666
6.0
6.083333333333333
0.0
9.5
1.3
2.6666666666666665
2.5
16.549999999999997
1.0
9.333333333333334
0.0
13.299999999999999
11.833333333333332
25.583333333333336
26.099999999999998
30.5
-1.0
17.216666666666665
8.3
5.049999999999999
23.1
15.25
-1.0
24.5
3.0
29.383333333333336
17.55
27.816666666666663
2.75
15.416666666666668
11.633333333333333
15.383333333333333
14.933333333333334
12.683333333333334
5.0
9.5
3.3
15.3
19.883333333333333
0.0
27.333333333333332
19.25
16.333333333333336
21.383333333333333
14.05
25.06666666666667
1.3
10.633333333333333
8.0
6.0
20.133333333333333
9.3
11.666666666666668
17.833333333333332
0.5
0.0
10.766666666666666
17.349999999999998
9.683333333333334
18.0
13.516666666666666
24.8
9.55
23.5
2.466666666666667
26.21666666666667
19.049999999999997
13.416666666666668
17.233333333333334
21.383333333333333
3.0
9.933333333333332
24.55
0.5
19.96666666666667
16.833333333333332
13.016666666666667
28.6
10.433333333333334
23.1
0.5
6.3
20.016666666666666
16.433333333333334
9.333333333333334
13.183333333333334
18.01666666666667
2.0
11.166666666666668
4.883333333333334
11.3
3.5
22.46666666666667
1.0
24.0
24.933333333333334
12.166666666666666
4.0
-1.0
9.716666666666667
7.633333333333333
0.0
1.5
13.133333333333333
4.0
1.0
7.0
9.883333333333333
8.083333333333332
20.583333333333336
25.6
25.499999999999996
6.8
4.0
21.883333333333333
7.833333333333333
3.833333333333333
9.0
6.499999999999998
2.166666666666666
25.46666666666667
23.55
2.8
13.3
19.566666666666666
4.716666666666666
2.583333333333333
3.583333333333333
19.849999999999998
20.833333333333332
5.5
13.216666666666665
2.0
9.8
0.0
3.833333333333333
6.133333333333333
0.8333333333333333
3.5
2.0
5.833333333333333
21.8
10.433333333333334
5.0
10.083333333333334
0.0
0.0
5.166666666666666
3.0
18.166666666666668
-1.0
2.833333333333333
-1.0
19.46666666666667
10.233333333333333
24.516666666666666
0.0
17.133333333333333
1.0
22.066666666666666
9.8
7.0
9.383333333333333
13.416666666666668
0.0
16.316666666666666
5.466666666666667
2.333333333333333
4.6
0.5
3.083333333333333
2.0
22.633333333333333
-1.0
11.0
28.3
18.266666666666666
6.0
27.266666666666666
11.8
21.416666666666664
21.183333333333334
1.0
8.583333333333334
3.0
6.0
9.166666666666666
24.849999999999998
0.0
0.8333333333333333
0.8333333333333333
2.8
-1.0
9.916666666666666
24.1
11.216666666666665
9.0
12.75
17.633333333333336
26.083333333333332
1.5
5.833333333333333
7.0
20.46666666666667
2.333333333333333
14.533333333333335
0.0
12.85
15.749999999999998
5.05
8.416666666666666
25.0
8.0
17.633333333333333
20.083333333333336
1.0
24.133333333333336
17.85
29.083333333333332
9.5
5.349999999999999
3.0
22.299999999999997
19.133333333333333
15.083333333333332
12.716666666666665
27.51666666666667
6.133333333333333
11.583333333333332
2.0
30.433333333333334
8.0
9.183333333333334
8.0
4.0
5.6
27.5
3.5
-1.0
4.5
27.9
28.63333333333333
1.0
27.63333333333333
-1.0
0.5
4.8
25.966666666666665
2.916666666666666
16.5
12.916666666666668
31.183333333333334
10.25
1.5833333333333333
16.383333333333333
1.3
11.633333333333333
2.083333333333333
10.916666666666666
5.0
3.0
13.8
17.833333333333336
24.93333333333333
4.083333333333333
9.833333333333334
26.099999999999998
4.766666666666667
1.3
14.466666666666665
0.0
11.0
1.3333333333333333
16.96666666666667
3.5
19.666666666666664
16.6
7.0
14.166666666666666
21.25
27.71666666666667
11.0
15.0
3.0
27.766666666666666
3.0
12.25
22.799999999999997
23.5
0.0
7.583333333333333
19.8
1.4166666666666665
27.1
4.083333333333333
11.466666666666667
6.666666666666666
13.916666666666668
6.333333333333333
4.0
20.96666666666667
23.05
0.833333333333333
5.5
11.85
7.3
23.15
7.3
7.0
3.833333333333333
2.5
24.3
11.666666666666668
23.0
1.5
12.133333333333335
23.216666666666665
7.0
9.666666666666668
2.0
1.0
8.5
23.55
4.0
9.049999999999999
17.683333333333334
18.383333333333333
25.8
6.516666666666666
26.333333333333336
20.183333333333334
21.133333333333333
23.75
2.4166666666666665
5.0
12.583333333333334
7.5
0.5
3.4666666666666663
3.833333333333333
22.133333333333333
17.083333333333332
8.833333333333332
26.799999999999997
15.266666666666667
1.9166666666666663
3.383333333333333
15.466666666666667
22.23333333333333
13.333333333333332
2.0
3.333333333333333
18.433333333333337
25.8
6.3
25.0
2.5999999999999996
2.716666666666667
2.8
4.3
12.833333333333332
3.666666666666665
6.833333333333333
19.666666666666664
20.833333333333336
11.833333333333334
18.883333333333333
19.5
13.166666666666666
7.0
3.3
1.8333333333333333
6.0
9.966666666666667
20.75
16.333333333333336
10.0
21.1
3.0
7.683333333333333
9.333333333333332
24.466666666666665
6.5
18.183333333333334
1.8333333333333333
1.8333333333333333
9.299999999999999
25.0
11.0
0.8333333333333335
0.2999999999999998
-1.0
22.416666666666664
13.333333333333332
9.583333333333332
9.266666666666666
0.0
3.3
23.333333333333332
5.5
6.516666666666667
14.6
3.499999999999999
10.5
7.916666666666666
19.05
18.3
27.516666666666666
1.0
16.766666666666666
9.633333333333335
7.633333333333333
1.5
4.916666666666666
23.966666666666665
0.0
8.083333333333334
24.416666666666664
21.85
15.25
25.55
1.5
6.883333333333333
15.166666666666668
17.083333333333332
