-0.3999999999999999
0.7999999999999998
1.45
2.0
1.85
4.633333333333333
-2.0
3.333333333333333
2.05
-1.5
1.6333333333333333
-0.16666666666666674
3.8333333333333335
-0.3333333333333335
3.0
-1.1666666666666667
2.3333333333333335
-2.0
0.5
4.133333333333333
0.0
2.0
5.0
-0.6666666666666667
-0.7
-1.75
5.083333333333333
5.5
2.333333333333333
3.75
3.5
-2.0
4.333333333333333
-1.0
3.466666666666667
4.583333333333333
-1.5
-2.0
3.666666666666667
5.5
2.466666666666667
-2.0
-0.6666666666666667
-2.0
4.833333333333333
4.466666666666667
-1.75
3.833333333333333
4.833333333333333
3.3
3.333333333333333
-1.0
5.133333333333333
4.25
3.5
0.0
1.7999999999999998
-1.0
3.55
2.8666666666666667
3.0
3.8333333333333335
3.8333333333333335
4.333333333333334
4.8
2.5
4.0
4.55
2.0
-0.6666666666666667
2.033333333333333
-0.16666666666666674
4.583333333333334
3.5
5.3
3.75
-2.0
3.0
0.0
3.3
3.333333333333333
3.7
1.4166666666666665
2.333333333333333
0.833333333333333
2.3
5.033333333333333
-2.0
1.5499999999999998
-1.0
0.0
3.6666666666666665
-0.25
-0.050000000000000044
2.25
2.05
3.5
4.416666666666666
3.0
2.333333333333333
3.3333333333333335
3.966666666666667
4.3
4.166666666666666
3.8333333333333335
2.75
0.3333333333333335
-2.0
2.333333333333333
3.3333333333333335
3.083333333333333
2.8333333333333335
5.0
3.6666666666666665
2.0999999999999996
5.133333333333333
4.966666666666666
4.5
0.4166666666666665
4.5
3.6333333333333333
4.466666666666667
3.883333333333333
1.0
3.9166666666666665
2.033333333333333
1.5833333333333333
4.0
2.8333333333333335
3.833333333333333
-0.08333333333333348
3.833333333333333
5.0
3.5
3.75
1.9166666666666665
3.5
3.5833333333333335
2.333333333333333
4.55
5.75
5.166666666666666
3.0
2.0
4.0
2.95
3.8333333333333335
-0.6666666666666667
4.5
2.3833333333333333
3.75
2.75
5.083333333333333
2.833333333333333
2.916666666666667
2.6666666666666665
2.8000000000000003
1.2833333333333332
2.75
5.333333333333333
3.0833333333333335
5.25
3.0
4.75
2.333333333333333
5.0
5.833333333333333
5.833333333333334
2.5
3.583333333333333
2.25
1.5833333333333333
2.5
2.3833333333333333
3.1666666666666665
3.6666666666666665
3.5833333333333335
1.95
4.666666666666666
3.3333333333333335
1.0
4.833333333333333
4.166666666666667
2.75
3.6666666666666665
3.0833333333333335
3.6666666666666665
3.8333333333333335
3.8333333333333335
1.8333333333333333
3.0
3.3333333333333335
4.133333333333334
2.75
3.333333333333333
3.966666666666667
2.3
3.583333333333333
3.0
3.25
5.0
4.583333333333333
5.166666666666667
2.75
-2.0
-0.5
2.333333333333333
2.583333333333333
3.0
3.833333333333333
4.166666666666667
4.666666666666666
3.5
2.833333333333333
4.666666666666667
3.1666666666666665
3.5
4.833333333333334
1.5
3.583333333333333
3.5
2.583333333333333
-2.0
3.8833333333333333
5.0
4.75
5.5
1.4666666666666666
3.083333333333333
3.6333333333333333
-1.5
4.833333333333334
4.75
2.5
-2.0
3.2
4.333333333333334
2.8
0.25
3.5333333333333337
2.4166666666666665
4.333333333333334
5.5
2.0
3.333333333333333
4.3
3.3333333333333335
5.5
2.3333333333333335
-2.0
3.833333333333333
2.5
3.5
1.25
2.75
4.333333333333334
3.1666666666666665
4.166666666666667
2.3333333333333335
4.5
4.5
2.5
3.083333333333333
2.583333333333333
4.5
3.0
1.9166666666666665
-0.16666666666666674
5.666666666666666
2.1666666666666665
2.25
3.5
4.833333333333334
1.8666666666666665
4.333333333333334
2.8333333333333335
5.0
3.45
-2.0
3.1666666666666665
3.25
2.6666666666666665
2.75
2.333333333333334
2.9166666666666665
2.833333333333333
2.0
-2.0
3.0
1.8666666666666665
3.8333333333333335
-0.6666666666666667
3.3333333333333335
3.083333333333333
4.75
3.833333333333333
4.333333333333333
6.0
3.0
2.1666666666666665
5.0
5.5
3.0
2.4166666666666665
3.833333333333333
3.0
3.4666666666666663
5.0
2.8333333333333335
5.8
2.9666666666666663
4.5
3.5
3.333333333333333
0.5
1.9666666666666666
4.0
4.666666666666667
0.833333333333333
3.25
4.333333333333334
-1.2
5.0
5.0
1.4999999999999998
3.55
3.083333333333333
1.5833333333333335
0.0
2.75
2.25
4.833333333333333
3.5
4.5
2.1666666666666665
2.633333333333333
4.133333333333333
3.833333333333333
4.166666666666666
3.833333333333333
3.3333333333333335
2.8333333333333335
3.6666666666666665
2.95
2.8
4.333333333333334
3.0
3.8
3.583333333333333
2.5833333333333335
3.3333333333333335
3.0
2.333333333333333
3.25
4.583333333333334
2.5
0.33333333333333304
5.8
1.3666666666666667
2.3833333333333333
4.883333333333333
2.333333333333333
3.25
3.55
0.33333333333333304
5.333333333333333
2.8333333333333335
3.0
4.633333333333333
2.55
1.5
5.0
3.6333333333333333
3.0
4.383333333333333
3.833333333333333
3.833333333333333
=================
-0.9166666666666667
4.966666666666666
2.833333333333333
0.9166666666666665
-0.5
2.5
3.3
0.9166666666666666
2.6666666666666665
5.633333333333333
1.833333333333333
3.6666666666666665
3.333333333333333
6.0
3.6666666666666665
4.333333333333334
-0.6666666666666667
2.1666666666666665
3.833333333333333
2.5333333333333337
3.85
4.75
4.833333333333334
3.1666666666666665
3.583333333333333
