0.0 0.0 
0.0 0.0 
0.0 0.0 
0.0 0.0 
0.0 0.0 
0.0 0.0 
0.0 0.0 
0.0 0.0 
0.0 0.0 
0.0 0.0 
0.0 0.0 
0.0 0.0 
0.0 0.0 
1.0 0.0 
0.0 0.0 
0.999559 0.0 
0.0 0.0 
0.0 0.0 
0.0 0.0 
1.0 0.0 
1.0 0.0 
1.0 0.0 
0.0 0.0 
0.0 0.0 
0.0 0.0 
1.0 0.0 
1.0 0.0 
1.0 0.0 
0.0 0.0 
0.0 0.0 
0.0 0.0 
1.0 0.0 
1.0 0.0 
1.0 0.0 
0.0 0.0 
0.0 0.0 
0.0 0.0 
1.0 0.0 
1.0 0.0 
1.0 0.0 
0.0 0.0 
0.0 0.0 
0.0 0.0 
0.0 0.0 
0.0 0.0 
0.0 0.0 
0.0 0.0 
0.0 0.0 
0.0 0.0 
0.0 0.0 
0.0 0.0 
0.0 0.0 
0.0 0.0 
0.0 0.0 
0.0 0.0 
0.4965 -1.93070295 
0.49999999894999997 0.0 
0.49995 0.0 
0.0 0.0 
0.0 0.0 
0.0 0.0 
0.5 -1.1002367326732674 
0.5 -0.396 
0.5 -0.024652726925999957 
0.0 0.0 
0.0 0.0 
0.0 0.0 
0.5 -0.5107594553992005 
0.5 -0.21843767594108027 
0.5 0.35302797399532976 
0.0 0.0 
0.0 0.0 
0.0 0.0 
0.5 -1.9301980198019801 
0.5 0.35280200232705 
0.5 0.6667499999999996 
0.0 0.0 
0.0 0.0 
0.0 0.0 
0.5 -1.2178789108910881 
0.5 -1.9301980198001005 
0.5 2.5158669841581665 
0.0 0.0 
0.0 0.0 
0.0 0.0 
0.0 0.0 
0.0 0.0 
0.0 0.0 
0.0 0.0 
0.0 0.0 
0.0 0.0 
0.0 0.0 
0.0 0.0 
0.0 0.0 
0.0 0.0 
0.0 0.0 
0.0 0.0 
0.3333333326333333 0.0 
0.3333331 0.0 
0.0 0.3 
0.0 0.0 
0.0 0.0 
0.0 0.0 
0.3333333333333333 -1.4425796310699728 
0.3333333333333333 -0.30083 
0.3333333333333333 0.9291950573260737 
0.0 0.0 
0.0 0.0 
0.0 0.0 
0.3333333333333333 -1.4179636963696367 
0.3333333333333333 0.3029999999999668 
0.3333333333333333 0.3135336700336701 
0.0 0.0 
0.0 0.0 
0.0 0.0 
0.3333333333333333 -1.946864687430957 
0.3333333333333333 0.15688622866399993 
0.3333333333333333 0.33299999999999996 
0.0 0.0 
0.0 0.0 
0.0 0.0 
0.3333333333333333 -1.484217821782003 
0.3333333333333333 0.0 
0.3333333333333333 -1.309 
0.0 0.0 
0.0 0.0 
0.0 0.0 
0.0 0.0 
0.0 0.0 
0.0 0.0 
0.0 0.0 
0.0 0.0 
0.0 0.0 
0.0 0.0 
0.0 0.0 
0.0 0.0 
0.0 0.0 
0.0 0.0 
0.0 0.0 
0.0 0.0 
0.0 0.0 
0.0 0.0 
0.0 0.0 
0.0 0.0 
0.0 0.0 
0.2499998775 0.0 
0.2499999999925 -1.955252475 
0.0 0.46967699999999996 
0.0 0.0 
0.0 0.0 
0.0 0.0 
0.25 -1.9549198146079276 
0.25 -1.98 
0.25 -1.9548960225 
0.0 0.0 
0.0 0.0 
0.0 0.0 
0.25 -1.98 
0.25 -1.9764356999999995 
0.25 0.0 
0.0 0.0 
0.0 0.0 
0.0 0.0 
0.2499999999825 -1.9764356999999995 
0.2475 -1.98 
0.24999999999999997 0.0 
0.0 0.0 
0.0 0.0 
0.0 0.0 
0.0 0.0 
0.0 0.0 
0.0 0.0 
0.0 0.0 
0.0 0.0 
0.0 0.0 
0.0 0.0 
0.0 0.0 
0.0 0.0 
0.0 0.0 
0.0 0.0 
0.0 0.0 
0.0 0.0 
0.0 0.0 
0.0 0.0 
0.0 0.0 
0.0 0.0 
0.0 0.0 
0.198 0.0 
0.0 0.3 
0.0 0.0 
0.0 0.0 
0.0 0.0 
0.0 0.0 
0.19999999998 -3.0 
0.1986 -1.3071899974460002 
0.1999998 0.0 
0.0 0.0 
0.0 0.0 
0.0 0.0 
0.19999999999986 0.0 
0.19987400000000002 0.0 
0.198 0.33626429999999996 
0.0 0.0 
0.0 0.0 
0.0 0.0 
0.06 -1.98 
0.0 0.3 
0.0 0.3 
0.0 0.0 
0.0 0.0 
0.0 0.0 
0.0 0.0 
0.0 0.0 
0.0 0.0 
0.0 0.0 
0.0 0.0 
0.0 0.0 
0.0 0.0 
0.0 0.0 
0.0 0.0 
0.0 0.0 
0.0 0.0 
0.0 0.0 
0.0 0.0 
0.0 0.0 
0.0 0.0 
0.0 0.0 
0.0 0.0 
0.0 0.0 
0.0 0.0 
0.0 0.0 
0.0 0.0 
0.0 0.0 
0.0 0.0 
0.0 0.0 
0.0 0.0 
0.0 0.0 
0.0 0.0 
0.0 0.0 
0.0 0.0 
0.0 0.0 
0.0 0.0 
0.0 0.0 
0.0 0.0 
0.0 0.0 
0.0 0.0 
0.0 0.0 
0.0 0.0 
0.0 0.0 
0.0 0.0 
0.0 0.0 
0.0 0.0 
