45.49172159832397 10.610981328711432
45.49107555020891 10.611474816279596
45.49033952421495 10.611965725426396
45.48968628058715 10.61233101024924
45.48891426073129 10.612820869162283
45.49228029291577 10.612213074582023
45.491462382389734 10.612765635829726
45.49063800168393 10.613138829337176
45.48994695671225 10.613630997902282
45.48900307354215 10.614179917578705
45.49332217038345 10.613010706118502
45.49189581478659 10.613942623049208
45.491075364122125 10.614674251735469
45.49029971583161 10.615419938154538
45.48943124404528 10.615727837758978
45.493843947717146 10.61430544442945
45.492762384405665 10.615042425286951
45.491593683616635 10.616212014158826
45.49085311011916 10.617022678578651
45.489777990358604 10.617938919053536
45.49436196050822 10.615228942409122
45.49336674625965 10.616224347887679
45.49232490533224 10.61733356636676
45.491373210833466 10.618432529200316
45.490386060159814 10.61949204620406
45.495269576163714 10.615971624043043
45.49413866765686 10.617014341529062
45.493448630007066 10.618069646101189
45.49232488674951 10.619240474807498
45.4912020394853 10.620347294284267