45.49444286166372 10.610137442278866
45.49356883324007 10.61020211729301
45.49259689044511 10.610827116360515
45.49146244631042 10.611485852585044
45.49093495754058 10.612507422116341
45.49178969146664 10.613171715669
45.49257630996881 10.612285513263116
45.493450731339884 10.611555370753164
45.49432981449527 10.61113250296015
45.494906381569294 10.6110977536125
45.49483939739291 10.612017343446727
45.494218531157166 10.612639549027879
45.493550542707275 10.612774059035116
45.493082992728134 10.613375024912592
45.49243277610309 10.614162733104946
45.49282482459258 10.61508260492335
45.493834152988563 10.614290079921428
45.4948135988484 10.613206877964775
45.49428283910838 10.614458770541932
45.494678861510632 10.6126770412887
45.49682 10.61937
45.49194 10.61766
45.49618 10.61886
45.49535 10.61554
45.49047 10.61506
45.49123 10.61914
45.49238 10.61968
45.49550 10.61886
45.49533 10.61667
45.49608 10.61858
