0.0 0.0 
0.0 0.0 
0.0 0.0 
0.0 0.0 
0.0 0.0 
0.0 0.0 
0.0 0.0 
0.0 0.0 
0.0 0.0 
0.0 0.0 
0.0 0.0 
0.0 0.0 
0.0 0.0 
0.40951000000000004 0.0 
0.5695327900000001 0.0 
0.40951000000000004 0.0 
0.0 0.0 
0.0 0.0 
0.0 0.0 
0.9353891811077333 0.0 
0.9690968456173674 0.0 
0.9576088417247839 0.0 
0.0 0.0 
0.0 0.0 
0.0 0.0 
0.9982029897000857 0.0 
0.9966186080864774 0.0 
0.9936373145588641 0.0 
0.0 0.0 
0.0 0.0 
0.0 0.0 
0.8905810108684877 0.0 
0.9282102012308148 0.0 
0.8905810108684877 0.0 
0.0 0.0 
0.0 0.0 
0.0 0.0 
0.9852191170585654 0.0 
0.9880274848174379 0.0 
0.9656631617970749 0.0 
0.0 0.0 
0.0 0.0 
0.0 0.0 
0.0 0.0 
0.0 0.0 
0.0 0.0 
0.0 0.0 
0.0 0.0 
0.0 0.0 
0.0 0.0 
0.0 0.0 
0.0 0.0 
0.0 0.0 
0.0 0.0 
0.0 0.0 
0.26085155000000004 -1.2 
0.17195000000000002 0.0 
0.20475500000000002 -1.2 
0.0 0.0 
0.0 0.0 
0.0 0.0 
0.44529050543424387 -1.2 
0.44529050543424387 -0.893304946455 
0.4507614548908195 0.11817858900000003 
0.0 0.0 
0.0 0.0 
0.0 0.0 
0.49178839836586963 -0.8806477253691254 
0.4926095585292827 -1.2 
0.49742311239633996 -1.2 
0.0 0.0 
0.0 0.0 
0.0 0.0 
0.37290670858355 -1.2 
0.4507614548908195 -0.8693330913178935 
0.38561603772519504 0.04624500000000001 
0.0 0.0 
0.0 0.0 
0.0 0.0 
0.46011677846156374 -1.2 
0.46011677846156374 -0.8782329528322128 
0.46769459055386664 -1.2 
0.0 0.0 
0.0 0.0 
0.0 0.0 
0.0 0.0 
0.0 0.0 
0.0 0.0 
0.0 0.0 
0.0 0.0 
0.0 0.0 
0.0 0.0 
0.0 0.0 
0.0 0.0 
0.0 0.0 
0.0 0.0 
0.0 0.0 
0.0 -1.2 
0.03333333333333333 0.0 
0.0 0.059403 
0.0 0.0 
0.0 0.0 
0.0 0.0 
0.24860447238903333 -1.2 
0.2570773584834633 0.0 
0.2287298013033333 -1.2 
0.0 0.0 
0.0 0.0 
0.0 0.0 
0.2777427276677781 -1.2 
0.3067445189743758 -0.8980397716993277 
0.29686033695616254 -1.2 
0.0 0.0 
0.0 0.0 
0.0 0.0 
0.23919015450633332 0.06491703212700001 
0.24860447238903333 -1.2 
0.23919015450633332 0.0 
0.0 0.0 
0.0 0.0 
0.0 0.0 
0.2570773584834633 0.0 
0.1365033333333333 0.0 
0.2287298013033333 -1.2 
0.0 0.0 
0.0 0.0 
0.0 0.0 
0.0 0.0 
0.0 0.0 
0.0 0.0 
0.0 0.0 
0.0 0.0 
0.0 0.0 
0.0 0.0 
0.0 0.0 
0.0 0.0 
0.0 0.0 
0.0 0.0 
0.0 0.0 
0.0 0.0 
0.0 0.0 
0.0 0.0 
0.0 0.0 
0.0 0.0 
0.0 0.0 
0.06775 -1.2 
0.0 -1.2 
0.025 0.0 
0.0 0.0 
0.0 0.0 
0.0 0.0 
0.16283038997500002 0.0 
0.1715473509775 0.0 
0.08597500000000001 -0.93041475 
0.0 0.0 
0.0 0.0 
0.0 0.0 
0.14238319750000003 0.0 
0.06775 -1.2 
0.06775 0.0 
0.0 0.0 
0.0 0.0 
0.0 0.0 
0.10237750000000001 0.0 
0.10237750000000001 0.0 
0.0 0.11646528478203 
0.0 0.0 
0.0 0.0 
0.0 0.0 
0.0 0.0 
0.0 0.0 
0.0 0.0 
0.0 0.0 
0.0 0.0 
0.0 0.0 
0.0 0.0 
0.0 0.0 
0.0 0.0 
0.0 0.0 
0.0 0.0 
0.0 0.0 
0.0 0.0 
0.0 0.0 
0.0 0.0 
0.0 0.0 
0.0 0.0 
0.0 0.0 
0.0 -1.2 
0.020000000000000004 0.0 
0.020000000000000004 0.0 
0.0 0.0 
0.0 0.0 
0.0 0.0 
0.06878000000000001 -1.2 
0.0 0.0 
0.038000000000000006 0.0 
0.0 0.0 
0.0 0.0 
0.0 0.0 
0.038000000000000006 0.0 
0.0 0.059403 
0.0 0.059403 
0.0 0.0 
0.0 0.0 
0.0 0.0 
0.0 0.0 
0.0 0.0 
0.0 0.0 
0.0 0.0 
0.0 0.0 
0.0 0.0 
0.0 0.0 
0.0 0.0 
0.0 0.0 
0.0 0.0 
0.0 0.0 
0.0 0.0 
0.0 0.0 
0.0 0.0 
0.0 0.0 
0.0 0.0 
0.0 0.0 
0.0 0.0 
0.0 0.0 
0.0 0.0 
0.0 0.0 
0.0 0.0 
0.0 0.0 
0.0 0.0 
0.0 0.0 
0.0 0.0 
0.0 0.0 
0.0 0.0 
0.0 0.0 
0.0 0.0 
0.0 0.0 
0.0 0.0 
0.0 0.0 
0.0 0.0 
0.0 0.0 
0.0 0.0 
0.0 0.0 
0.0 0.0 
0.0 0.0 
0.0 0.0 
0.0 0.0 
0.0 0.0 
0.0 0.0 
0.0 0.0 
0.0 0.0 
0.0 0.0 
0.0 0.0 
