0.0 0.0 
0.0 0.0 
0.0 0.0 
0.0 0.0 
0.0 0.0 
0.0 0.0 
0.0 0.0 
0.1 0.0 
0.0 0.0 
0.0 0.0 
0.0 0.0 
0.0 0.0 
0.0 0.0 
0.5695327900000001 0.0 
0.6513215599000001 0.0 
0.6125795110000001 0.0 
0.0 0.0 
0.0 0.0 
0.0 0.0 
0.9749684449500675 0.0 
0.9929303495098489 0.0 
0.992144832788721 0.0 
0.0 0.0 
0.0 0.0 
0.0 0.0 
0.9998033729495244 0.0 
0.9997003093271215 0.0 
0.9983826907300771 0.0 
0.0 0.0 
0.0 0.0 
0.0 0.0 
0.9690968456173674 0.0 
0.9835767967317393 0.0 
0.9528987130275376 0.0 
0.0 0.0 
0.0 0.0 
0.0 0.0 
0.9980033218889841 0.0 
0.9980033218889841 0.0 
0.9983826907300771 0.0 
0.0 0.0 
0.0 0.0 
0.0 0.0 
0.0 0.0 
0.0 0.0 
0.0 0.0 
0.0 0.0 
0.0 0.0 
0.0 0.0 
0.0 0.0 
0.0 0.0 
0.0 0.0 
0.0 0.0 
0.0 0.0 
0.0 0.0 
0.3587852317595 -1.2 
0.26085155000000004 0.065013105 
0.30628975550000004 -1.2 
0.0 0.0 
0.0 0.0 
0.0 0.0 
0.4764493565137688 -1.2 
0.4809239787761527 -0.39397551103217276 
0.48748422247503376 0.3353785353375657 
0.0 0.0 
0.0 0.0 
0.0 0.0 
0.49847837363891484 -1.2 
0.49847837363891484 -1.2 
0.49952249752460165 -1.2 
0.0 0.0 
0.0 0.0 
0.0 0.0 
0.4324574141163504 -1.2 
0.473832618348632 -0.8693330913178935 
0.4641051006154074 0.22415652240325754 
0.0 0.0 
0.0 0.0 
0.0 0.0 
0.4908759981842996 -1.2 
0.4845484228086837 -1.2 
0.4898622202047773 -1.2 
0.0 0.0 
0.0 0.0 
0.0 0.0 
0.0 0.0 
0.0 0.0 
0.0 0.0 
0.0 0.0 
0.0 0.0 
0.0 0.0 
0.0 0.0 
0.0 0.0 
0.0 0.0 
0.0 0.0 
0.0 0.0 
0.0 0.0 
0.06333333333333332 -1.2 
0.03333333333333333 0.0357 
0.0 -1.2 
0.0 0.0 
0.0 0.0 
0.0 0.0 
0.2777427276677781 -1.2 
0.3117963937025778 -1.2 
0.29686033695616254 -1.2 
0.0 0.0 
0.0 0.0 
0.0 0.0 
0.321887720599025 -1.2 
0.31763290434251257 -0.6430969884338857 
0.3272506654561998 -0.8890920185298435 
0.0 0.0 
0.0 0.0 
0.0 0.0 
0.29280778180314354 0.06491703212700001 
0.29280778180314354 -1.2 
0.2570773584834633 0.0 
0.0 0.0 
0.0 0.0 
0.0 0.0 
0.2570773584834633 0.0 
0.2287298013033333 0.0 
0.24860447238903333 -1.2 
0.0 0.0 
0.0 0.0 
0.0 0.0 
0.0 0.0 
0.0 0.0 
0.0 0.0 
0.0 0.0 
0.0 0.0 
0.0 0.0 
0.0 0.0 
0.0 0.0 
0.0 0.0 
0.0 0.0 
0.0 0.0 
0.0 0.0 
0.0 0.0 
0.0 0.0 
0.0 0.0 
0.0 0.0 
0.0 0.0 
0.0 0.0 
0.06775 -1.2 
0.0 -1.2 
0.06775 0.038122500000000004 
0.0 0.0 
0.0 0.0 
0.0 0.0 
0.203674495278704 0.0 
0.19852721697633777 0.06394815410295376 
0.13042577500000002 -0.93041475 
0.0 0.0 
0.0 0.0 
0.0 0.0 
0.14238319750000003 -1.2 
0.13042577500000002 -1.2 
0.06775 0.041585250000000004 
0.0 0.0 
0.0 0.0 
0.0 0.0 
0.11713975000000001 0.0 
0.14238319750000003 0.0 
0.0 0.17127908786513174 
0.0 0.0 
0.0 0.0 
0.0 0.0 
0.0 0.0 
0.0 0.0 
0.0 0.0 
0.0 0.0 
0.0 0.0 
0.0 0.0 
0.0 0.0 
0.0 0.0 
0.0 0.0 
0.0 0.0 
0.0 0.0 
0.0 0.0 
0.0 0.0 
0.0 0.0 
0.0 0.0 
0.0 0.0 
0.0 0.0 
0.0 0.0 
0.0 -1.2 
0.020000000000000004 0.0 
0.020000000000000004 0.0 
0.0 0.0 
0.0 0.0 
0.0 0.0 
0.081902 -1.2 
0.0 0.03 
0.05420000000000001 -1.2 
0.0 0.0 
0.0 0.0 
0.0 0.0 
0.081902 0.0 
0.0 0.11646528478203 
0.0 0.0882208803 
0.0 0.0 
0.0 0.0 
0.0 0.0 
0.0 -1.2 
0.0 0.03 
0.0 0.0 
0.0 0.0 
0.0 0.0 
0.0 0.0 
0.0 0.0 
0.0 0.0 
0.0 0.0 
0.0 0.0 
0.0 0.0 
0.0 0.0 
0.0 0.0 
0.0 0.0 
0.0 0.0 
0.0 0.0 
0.0 0.0 
0.0 0.0 
0.0 0.0 
0.0 0.0 
0.0 0.0 
0.0 0.0 
0.0 0.0 
0.0 0.0 
0.0 0.0 
0.0 0.0 
0.0 0.0 
0.0 0.0 
0.0 0.0 
0.0 0.0 
0.0 0.0 
0.0 0.0 
0.0 0.0 
0.0 0.0 
0.0 0.0 
0.0 0.0 
0.0 0.0 
0.0 0.0 
0.0 0.0 
0.0 0.0 
0.0 0.0 
0.0 0.0 
0.0 0.0 
0.0 0.0 
0.0 0.0 
0.0 0.0 
0.0 0.0 
