0.0 0.0 
0.0 0.0 
0.0 0.0 
0.0 0.0 
0.0 0.0 
0.0 0.0 
0.0 0.0 
0.0 0.0 
0.0 0.0 
0.0 0.0 
0.0 0.0 
0.0 0.0 
0.0 0.0 
0.34390000000000004 0.0 
0.271 0.0 
0.19 0.0 
0.0 0.0 
0.0 0.0 
0.0 0.0 
0.46855900000000006 0.0 
0.8332281830033343 0.0 
0.717570463519 0.0 
0.0 0.0 
0.0 0.0 
0.0 0.0 
0.9576088417247839 0.0 
0.9282102012308148 0.0 
0.9618479575523055 0.0 
0.0 0.0 
0.0 0.0 
0.0 0.0 
0.717570463519 0.0 
0.7941088679053511 0.0 
0.7712320754503901 0.0 
0.0 0.0 
0.0 0.0 
0.0 0.0 
0.911370618803475 0.0 
0.9282102012308148 0.0 
0.7458134171671 0.0 
0.0 0.0 
0.0 0.0 
0.0 0.0 
0.0 0.0 
0.0 0.0 
0.0 0.0 
0.0 0.0 
0.0 0.0 
0.0 0.0 
0.0 0.0 
0.0 0.0 
0.0 0.0 
0.0 0.0 
0.0 0.0 
0.0 0.0 
0.1355 0.0 
0.095 0.0 
0.0 0.0882208803 
0.0 0.0 
0.0 0.0 
0.0 0.0 
0.28476639500000006 -1.2 
0.26085155000000004 -1.2 
0.343094701955 0.11817858900000003 
0.0 0.0 
0.0 0.0 
0.0 0.0 
0.4324574141163504 -0.8806477253691254 
0.46769459055386664 0.0 
0.46769459055386664 -0.9069868949999998 
0.0 0.0 
0.0 0.0 
0.0 0.0 
0.32566077995000003 -1.2 
0.30628975550000004 -1.2 
0.28476639500000006 0.04624500000000001 
0.0 0.0 
0.0 0.0 
0.0 0.0 
0.39705443395267553 0.0 
0.3587852317595 -1.2 
0.4324574141163504 0.07869505354500002 
0.0 0.0 
0.0 0.0 
0.0 0.0 
0.0 0.0 
0.0 0.0 
0.0 0.0 
0.0 0.0 
0.0 0.0 
0.0 0.0 
0.0 0.0 
0.0 0.0 
0.0 0.0 
0.0 0.0 
0.0 0.0 
0.0 0.0 
0.0 -1.2 
0.03333333333333333 0.0 
0.0 0.059403 
0.0 0.0 
0.0 0.0 
0.0 0.0 
0.17390103333333332 -1.2 
0.17390103333333332 0.0 
0.09033333333333332 -1.2 
0.0 0.0 
0.0 0.0 
0.0 0.0 
0.1365033333333333 -1.2 
0.2570773584834633 -1.2 
0.2171071866333333 -1.2 
0.0 0.0 
0.0 0.0 
0.0 0.0 
0.17390103333333332 0.0 
0.2171071866333333 -1.2 
0.18984426333333332 0.0 
0.0 0.0 
0.0 0.0 
0.0 0.0 
0.15618633333333332 0.0 
0.11463333333333332 0.0 
0.15618633333333332 -1.2 
0.0 0.0 
0.0 0.0 
0.0 0.0 
0.0 0.0 
0.0 0.0 
0.0 0.0 
0.0 0.0 
0.0 0.0 
0.0 0.0 
0.0 0.0 
0.0 0.0 
0.0 0.0 
0.0 0.0 
0.0 0.0 
0.0 0.0 
0.0 0.0 
0.0 0.0 
0.0 0.0 
0.0 0.0 
0.0 0.0 
0.0 0.0 
0.025 -1.2 
0.0 0.0 
0.025 0.0 
0.0 0.0 
0.0 0.0 
0.0 0.0 
0.10237750000000001 0.0 
0.10237750000000001 0.0 
0.025 -1.2 
0.0 0.0 
0.0 0.0 
0.0 0.0 
0.06775 0.0 
0.025 -1.2 
0.0475 0.0 
0.0 0.0 
0.0 0.0 
0.0 0.0 
0.06775 0.0 
0.08597500000000001 0.0 
0.0 0.059403 
0.0 0.0 
0.0 0.0 
0.0 0.0 
0.0 0.0 
0.0 0.0 
0.0 0.0 
0.0 0.0 
0.0 0.0 
0.0 0.0 
0.0 0.0 
0.0 0.0 
0.0 0.0 
0.0 0.0 
0.0 0.0 
0.0 0.0 
0.0 0.0 
0.0 0.0 
0.0 0.0 
0.0 0.0 
0.0 0.0 
0.0 0.0 
0.0 0.0 
0.020000000000000004 0.0 
0.020000000000000004 0.0 
0.0 0.0 
0.0 0.0 
0.0 0.0 
0.05420000000000001 -1.2 
0.0 0.0 
0.020000000000000004 0.0 
0.0 0.0 
0.0 0.0 
0.0 0.0 
0.020000000000000004 0.0 
0.0 0.059403 
0.0 0.03 
0.0 0.0 
0.0 0.0 
0.0 0.0 
0.0 0.0 
0.0 0.0 
0.0 0.0 
0.0 0.0 
0.0 0.0 
0.0 0.0 
0.0 0.0 
0.0 0.0 
0.0 0.0 
0.0 0.0 
0.0 0.0 
0.0 0.0 
0.0 0.0 
0.0 0.0 
0.0 0.0 
0.0 0.0 
0.0 0.0 
0.0 0.0 
0.0 0.0 
0.0 0.0 
0.0 0.0 
0.0 0.0 
0.0 0.0 
0.0 0.0 
0.0 0.0 
0.0 0.0 
0.0 0.0 
0.0 0.0 
0.0 0.0 
0.0 0.0 
0.0 0.0 
0.0 0.0 
0.0 0.0 
0.0 0.0 
0.0 0.0 
0.0 0.0 
0.0 0.0 
0.0 0.0 
0.0 0.0 
0.0 0.0 
0.0 0.0 
0.0 0.0 
0.0 0.0 
0.0 0.0 
0.0 0.0 
0.0 0.0 
0.0 0.0 
