0.0 0.0 
0.0 0.0 
0.0 0.0 
0.0 0.0 
0.0 0.0 
0.0 0.0 
0.0 0.0 
0.1 0.0 
0.1 0.0 
0.1 0.0 
0.0 0.0 
0.0 0.0 
0.0 0.0 
0.6513215599000001 0.0 
0.717570463519 0.0 
0.717570463519 0.0 
0.0 0.0 
0.0 0.0 
0.0 0.0 
0.9880274848174379 0.0 
0.9958254420820708 0.0 
0.9880274848174379 0.0 
0.0 0.0 
0.0 0.0 
0.0 0.0 
0.9998407320891147 0.0 
0.9996670103634684 0.0 
0.9996300115149649 0.0 
0.0 0.0 
0.0 0.0 
0.0 0.0 
0.94185026299696 0.0 
0.9749684449500675 0.0 
0.9618479575523055 0.0 
0.0 0.0 
0.0 0.0 
0.0 0.0 
0.9969567472778297 0.0 
0.9966186080864774 0.0 
0.9993734212517822 0.0 
0.0 0.0 
0.0 0.0 
0.0 0.0 
0.0 0.0 
0.0 0.0 
0.0 0.0 
0.0 0.0 
0.0 0.0 
0.0 0.0 
0.0 0.0 
0.0 0.0 
0.0 0.03 
0.0 0.0 
0.0 0.0 
0.0 0.0 
0.26085155000000004 -3.0 
0.20475500000000002 0.05940345000000001 
0.343094701955 0.0 
0.0 0.0 
0.0 0.0 
0.0 0.0 
0.4845484228086837 0.0 
0.4809239787761527 0.07869505354500002 
0.4809239787761527 -2.318974622262384 
0.0 0.0 
0.0 0.0 
0.0 0.0 
0.4971367915514888 -3.0 
0.49900166094449205 -2.3160602043104848 
0.4993449897456812 0.2786825749844837 
0.0 0.0 
0.0 0.0 
0.0 0.0 
0.41661409150166717 -3.0 
0.4641051006154074 0.04624500000000001 
0.4324574141163504 -2.383755 
0.0 0.0 
0.0 0.0 
0.0 0.0 
0.4908759981842996 -3.0 
0.46769459055386664 -0.7409285348010539 
0.46769459055386664 0.0 
0.0 0.0 
0.0 0.0 
0.0 0.0 
0.0 0.0 
0.0 0.0 
0.0 0.0 
0.0 0.0 
0.0 0.0 
0.0 0.0 
0.0 0.0 
0.0 0.0 
0.0 0.0 
0.0 0.0 
0.0 0.0 
0.0 0.0 
0.09033333333333332 0.0 
0.1365033333333333 0.0 
0.11463333333333332 0.0 
0.0 0.0 
0.0 0.0 
0.0 0.0 
0.2041931703333333 -3.0 
0.2171071866333333 0.0 
0.303790206267825 0.1838224923181845 
0.0 0.0 
0.0 0.0 
0.0 0.0 
0.3265748134698516 -3.0 
0.321887720599025 -3.0 
0.3265748134698516 -1.8131542549810513 
0.0 0.0 
0.0 0.0 
0.0 0.0 
0.28830494274423357 -3.0 
0.2833017882343336 0.0 
0.28830494274423357 0.07930014520926396 
0.0 0.0 
0.0 0.0 
0.0 0.0 
0.2715659937049386 -3.0 
0.2570773584834633 -3.0 
0.24860447238903333 -3.0 
0.0 0.0 
0.0 0.0 
0.0 0.0 
0.0 0.0 
0.0 0.0 
0.0 0.0 
0.0 0.0 
0.0 0.0 
0.0 0.0 
0.0 0.0 
0.0 0.0 
0.0 0.0 
0.0 0.0 
0.0 0.0 
0.0 0.0 
0.0 0.0 
0.0 0.0 
0.0 0.0 
0.0 0.0 
0.0 0.0 
0.0 0.0 
0.025 -3.0 
0.06775 0.0 
0.11713975000000001 0.0 
0.0 0.0 
0.0 0.0 
0.0 0.0 
0.1715473509775 -3.0 
0.06775 -3.0 
0.0475 0.24947674153253124 
0.0 0.0 
0.0 0.0 
0.0 0.0 
0.13042577500000002 0.0 
0.0475 0.0 
0.06775 -3.0 
0.0 0.0 
0.0 0.0 
0.0 0.0 
0.13042577500000002 -3.0 
0.025 -2.4000000000000004 
0.06775 -3.0 
0.0 0.0 
0.0 0.0 
0.0 0.0 
0.0 0.0 
0.0 0.0 
0.0 0.0 
0.0 0.0 
0.0 0.0 
0.0 0.0 
0.0 0.0 
0.0 0.0 
0.0 0.0 
0.0 0.0 
0.0 0.0 
0.0 0.0 
0.0 0.0 
0.0 0.0 
0.0 0.0 
0.0 0.0 
0.0 0.0 
0.0 0.0 
0.0 0.0 
0.020000000000000004 0.0 
0.020000000000000004 0.0 
0.0 0.0 
0.0 0.0 
0.0 0.0 
0.06878000000000001 -3.0 
0.06878000000000001 -3.0 
0.0 -3.0 
0.0 0.0 
0.0 0.0 
0.0 0.0 
0.0 0.0 
0.05420000000000001 0.0 
0.020000000000000004 0.0 
0.0 0.0 
0.0 0.0 
0.0 0.0 
0.038000000000000006 0.0 
0.0 0.0 
0.0 0.0 
0.0 0.0 
0.0 0.0 
0.0 0.0 
0.0 0.0 
0.0 0.0 
0.0 0.0 
0.0 0.0 
0.0 0.0 
0.0 0.0 
0.0 0.0 
0.0 0.0 
0.0 0.0 
0.0 0.0 
0.0 0.0 
0.0 0.0 
0.0 0.0 
0.0 0.0 
0.0 0.0 
0.0 0.0 
0.0 0.0 
0.0 0.0 
0.0 0.0 
0.0 0.0 
0.0 0.0 
0.0 0.0 
0.0 0.0 
0.0 0.0 
0.0 0.0 
0.0 0.0 
0.0 0.0 
0.0 0.0 
0.0 0.0 
0.0 0.0 
0.0 0.0 
0.0 0.0 
0.0 0.0 
0.0 0.0 
0.0 0.0 
0.0 0.0 
0.0 0.0 
0.0 0.0 
0.0 0.0 
0.0 0.0 
0.0 0.0 
