0.0 0.0 
0.0 0.0 
0.0 0.0 
0.0 0.0 
0.0 0.0 
0.0 0.0 
0.0 0.0 
0.1 0.0 
0.0 0.0 
0.0 0.0 
0.0 0.0 
0.0 0.0 
0.0 0.0 
0.1 0.0 
0.46855900000000006 0.0 
0.40951000000000004 0.0 
0.0 0.0 
0.0 0.0 
0.0 0.0 
0.7712320754503901 0.0 
0.8499053647030009 0.0 
0.6513215599000001 0.0 
0.0 0.0 
0.0 0.0 
0.0 0.0 
0.9353891811077333 0.0 
0.9528987130275376 0.0 
0.94185026299696 0.0 
0.0 0.0 
0.0 0.0 
0.0 0.0 
0.5217031000000001 0.0 
0.6513215599000001 0.0 
0.5695327900000001 0.0 
0.0 0.0 
0.0 0.0 
0.0 0.0 
0.8332281830033343 0.0 
0.814697981114816 0.0 
0.901522909781639 0.0 
0.0 0.0 
0.0 0.0 
0.0 0.0 
0.0 0.0 
0.0 0.0 
0.0 0.0 
0.0 0.0 
0.0 0.0 
0.0 0.0 
0.0 0.0 
0.0 0.0 
0.0 0.03 
0.0 0.0 
0.0 0.0 
0.0 0.0 
0.1355 0.0 
0.05 0.0 
0.1355 0.0 
0.0 0.0 
0.0 0.0 
0.0 0.0 
0.38561603772519504 0.0 
0.343094701955 0.07869505354500002 
0.26085155000000004 -3.0 
0.0 0.0 
0.0 0.0 
0.0 0.0 
0.38561603772519504 0.0 
0.38561603772519504 -2.336232952832213 
0.37290670858355 0.0 
0.0 0.0 
0.0 0.0 
0.0 0.0 
0.26085155000000004 -3.0 
0.30628975550000004 0.04624500000000001 
0.28476639500000006 -2.383755 
0.0 0.0 
0.0 0.0 
0.0 0.0 
0.38561603772519504 -3.0 
0.30628975550000004 -2.383755 
0.26085155000000004 0.0 
0.0 0.0 
0.0 0.0 
0.0 0.0 
0.0 0.0 
0.0 0.0 
0.0 0.0 
0.0 0.0 
0.0 0.0 
0.0 0.0 
0.0 0.0 
0.0 0.0 
0.0 0.0 
0.0 0.0 
0.0 0.0 
0.0 0.0 
0.03333333333333333 0.0 
0.03333333333333333 0.0 
0.06333333333333332 0.0 
0.0 0.0 
0.0 0.0 
0.0 0.0 
0.03333333333333333 -3.0 
0.11463333333333332 0.0 
0.17390103333333332 0.0 
0.0 0.0 
0.0 0.0 
0.0 0.0 
0.2171071866333333 -3.0 
0.2171071866333333 0.06712532891430001 
0.2647029559684503 0.075264205470605 
0.0 0.0 
0.0 0.0 
0.0 0.0 
0.17390103333333332 -3.0 
0.18984426333333332 0.0 
0.11463333333333332 0.0 
0.0 0.0 
0.0 0.0 
0.0 0.0 
0.18984426333333332 -3.0 
0.1365033333333333 -3.0 
0.09033333333333332 -3.0 
0.0 0.0 
0.0 0.0 
0.0 0.0 
0.0 0.0 
0.0 0.0 
0.0 0.0 
0.0 0.0 
0.0 0.0 
0.0 0.0 
0.0 0.0 
0.0 0.0 
0.0 0.0 
0.0 0.0 
0.0 0.0 
0.0 0.0 
0.0 0.0 
0.0 0.0 
0.0 0.0 
0.0 0.0 
0.0 0.0 
0.0 0.0 
0.0 -3.0 
0.0 0.0 
0.025 0.0 
0.0 0.0 
0.0 0.0 
0.0 0.0 
0.08597500000000001 0.0 
0.025 0.059403 
0.0 0.059403 
0.0 0.0 
0.0 0.0 
0.0 0.0 
0.025 0.0 
0.025 0.0 
0.025 0.0 
0.0 0.0 
0.0 0.0 
0.0 0.0 
0.06775 -3.0 
0.0 -2.4000000000000004 
0.0 0.03 
0.0 0.0 
0.0 0.0 
0.0 0.0 
0.0 0.0 
0.0 0.0 
0.0 0.0 
0.0 0.0 
0.0 0.0 
0.0 0.0 
0.0 0.0 
0.0 0.0 
0.0 0.0 
0.0 0.0 
0.0 0.0 
0.0 0.0 
0.0 0.0 
0.0 0.0 
0.0 0.0 
0.0 0.0 
0.0 0.0 
0.0 0.0 
0.0 0.0 
0.0 0.0 
0.0 0.0 
0.0 0.0 
0.0 0.0 
0.0 0.0 
0.0 0.0 
0.038000000000000006 0.0 
0.0 0.0 
0.0 0.0 
0.0 0.0 
0.0 0.0 
0.0 0.0 
0.020000000000000004 0.0 
0.020000000000000004 0.0 
0.0 0.0 
0.0 0.0 
0.0 0.0 
0.0 0.0 
0.0 0.0 
0.0 0.0 
0.0 0.0 
0.0 0.0 
0.0 0.0 
0.0 0.0 
0.0 0.0 
0.0 0.0 
0.0 0.0 
0.0 0.0 
0.0 0.0 
0.0 0.0 
0.0 0.0 
0.0 0.0 
0.0 0.0 
0.0 0.0 
0.0 0.0 
0.0 0.0 
0.0 0.0 
0.0 0.0 
0.0 0.0 
0.0 0.0 
0.0 0.0 
0.0 0.0 
0.0 0.0 
0.0 0.0 
0.0 0.0 
0.0 0.0 
0.0 0.0 
0.0 0.0 
0.0 0.0 
0.0 0.0 
0.0 0.0 
0.0 0.0 
0.0 0.0 
0.0 0.0 
0.0 0.0 
0.0 0.0 
0.0 0.0 
0.0 0.0 
0.0 0.0 
0.0 0.0 
0.0 0.0 
0.0 0.0 
0.0 0.0 
0.0 0.0 
