0.0 0.0 
0.1 0.0 
0.0 0.0 
0.0 0.0 
0.0 0.0 
0.0 0.0 
0.0 0.0 
0.19 0.0 
0.1 0.0 
0.1 0.0 
0.0 0.0 
0.0 0.0 
0.0 0.0 
0.8784233454094308 0.0 
0.8784233454094308 0.0 
0.8499053647030009 0.0 
0.0 0.0 
0.0 0.0 
0.0 0.0 
0.9999595162339772 0.0 
0.9999238226519541 0.0 
0.9999382963480828 0.0 
0.0 0.0 
0.0 0.0 
0.0 0.0 
0.9999999522688926 0.0 
0.9999997681730781 0.0 
0.9999998767976688 0.0 
0.0 0.0 
0.0 0.0 
0.0 0.0 
0.995361602313412 0.0 
0.9992264459898547 0.0 
0.9992264459898547 0.0 
0.0 0.0 
0.0 0.0 
0.0 0.0 
0.9999916647515821 0.0 
0.9999858841836138 0.0 
0.9999994614527741 0.0 
0.0 0.0 
0.0 0.0 
0.0 0.0 
0.0 0.0 
0.0 0.0 
0.0 0.0 
0.0 0.0 
0.0 0.0 
0.0 0.0 
0.0 0.0 
0.0 -3.0 
0.0 0.059403 
0.0 0.0 
0.0 0.0 
0.0 0.0 
0.343094701955 -3.0 
0.343094701955 -3.0 
0.4324574141163504 0.0 
0.0 0.0 
0.0 0.0 
0.0 0.0 
0.4995702477721415 -3.0 
0.4993449897456812 -3.0 
0.49919134536503856 -3.0 
0.0 0.0 
0.0 0.0 
0.0 0.0 
0.49999662422439073 -3.0 
0.4999929420918069 -0.21810896793316498 
0.49999624913821195 -2.3145122556657425 
0.0 0.0 
0.0 0.0 
0.0 0.0 
0.49461236816784704 -3.0 
0.4956360182159561 0.4406241411357445 
0.4951511313510623 -2.3166401979567692 
0.0 0.0 
0.0 0.0 
0.0 0.0 
0.4992722108285347 -3.0 
0.4981214489369319 -0.28395465534478037 
0.49900166094449205 -1.3128576600493924 
0.0 0.0 
0.0 0.0 
0.0 0.0 
0.0 0.0 
0.0 0.0 
0.0 0.0 
0.0 0.0 
0.0 0.0 
0.0 0.0 
0.0 0.0 
0.0 0.0 
0.03333333333333333 0.0 
0.0 0.0 
0.0 0.0 
0.0 0.0 
0.15618633333333332 0.0 
0.17390103333333332 0.0 
0.15618633333333332 0.0 
0.0 0.0 
0.0 0.0 
0.0 0.0 
0.31920294724159465 -2.349236882380496 
0.321887720599025 -3.0 
0.32785893224391316 0.2752223399342686 
0.0 0.0 
0.0 0.0 
0.0 0.0 
0.3331641570713145 -3.0 
0.3331810746975164 -1.3799971431866325 
0.33322233678782276 -1.0307516761115374 
0.0 0.0 
0.0 0.0 
0.0 0.0 
0.3230322818724558 -3.0 
0.3206159858507685 -3.0 
0.32406238701854356 -2.3451746664195188 
0.0 0.0 
0.0 0.0 
0.0 0.0 
0.32498948165002256 -3.0 
0.31588841223242137 -2.3560397716993275 
0.31395008766565335 -3.0 
0.0 0.0 
0.0 0.0 
0.0 0.0 
0.0 0.0 
0.0 0.0 
0.0 0.0 
0.0 0.0 
0.0 0.0 
0.0 0.0 
0.0 0.0 
0.0 0.0 
0.0 0.0 
0.0 0.0 
0.0 0.0 
0.0 0.0 
0.0 0.0 
0.0 0.0 
0.0 0.0 
0.0 0.0 
0.0 0.0 
0.0 0.0 
0.11713975000000001 -3.0 
0.16283038997500002 -3.0 
0.16283038997500002 0.0 
0.0 0.0 
0.0 0.0 
0.0 0.0 
0.22784265470086876 -3.0 
0.22784265470086876 -1.8492132519431976 
0.11713975000000001 -3.0 
0.0 0.0 
0.0 0.0 
0.0 0.0 
0.19280801886259752 -3.0 
0.14238319750000003 0.04750655250000001 
0.11713975000000001 -3.0 
0.0 0.0 
0.0 0.0 
0.0 0.0 
0.1715473509775 -3.0 
0.10237750000000001 -3.0 
0.10237750000000001 -3.0 
0.0 0.0 
0.0 0.0 
0.0 0.0 
0.0 0.0 
0.0 0.0 
0.0 0.0 
0.0 0.0 
0.0 0.0 
0.0 0.0 
0.0 0.0 
0.0 0.0 
0.0 0.0 
0.0 0.0 
0.0 0.0 
0.0 0.0 
0.0 0.0 
0.0 0.0 
0.0 0.0 
0.0 0.0 
0.0 0.0 
0.0 0.0 
0.0 -3.0 
0.020000000000000004 0.0 
0.06878000000000001 0.0 
0.0 0.0 
0.0 0.0 
0.0 0.0 
0.113906558 -3.0 
0.09371180000000001 -3.0 
0.05420000000000001 -2.393502 
0.0 0.0 
0.0 0.0 
0.0 0.0 
0.05420000000000001 0.0 
0.09371180000000001 0.0 
0.06878000000000001 0.0 
0.0 0.0 
0.0 0.0 
0.0 0.0 
0.06878000000000001 0.0 
0.0 0.0 
0.0 0.0 
0.0 0.0 
0.0 0.0 
0.0 0.0 
0.0 0.0 
0.0 0.0 
0.0 0.0 
0.0 0.0 
0.0 0.0 
0.0 0.0 
0.0 0.0 
0.0 0.0 
0.0 0.0 
0.0 0.0 
0.0 0.0 
0.0 0.0 
0.0 0.0 
0.0 0.0 
0.0 0.0 
0.0 0.0 
0.0 0.0 
0.0 0.0 
0.0 0.0 
0.0 0.0 
0.0 0.0 
0.0 0.0 
0.0 0.0 
0.0 0.0 
0.0 0.0 
0.0 0.0 
0.0 0.0 
0.0 0.0 
0.0 0.0 
0.0 0.0 
0.0 0.0 
0.0 0.0 
0.0 0.0 
0.0 0.0 
0.0 0.0 
0.0 0.0 
0.0 0.0 
0.0 0.0 
0.0 0.0 
0.0 0.0 
0.0 0.0 
