0.0 0.0 
0.19 0.0 
0.0 0.0 
0.0 0.0 
0.0 0.0 
0.0 0.0 
0.0 0.0 
0.19 0.0 
0.1 0.0 
0.19 0.0 
0.0 0.0 
0.0 0.0 
0.0 0.0 
0.9202335569231275 0.0 
0.947665236697264 0.0 
0.911370618803475 0.0 
0.0 0.0 
0.0 0.0 
0.0 0.0 
0.9999916647515821 0.0 
0.9999924982764239 0.0 
0.9999916647515821 0.0 
0.0 0.0 
0.0 0.0 
0.0 0.0 
0.9999999935522352 0.0 
0.9999999865193254 0.0 
0.9999999920397965 0.0 
0.0 0.0 
0.0 0.0 
0.0 0.0 
0.9980033218889841 0.0 
0.9997815254994715 0.0 
0.9996300115149649 0.0 
0.0 0.0 
0.0 0.0 
0.0 0.0 
0.9999973843107253 0.0 
0.9999988740315358 0.0 
0.9999999522688926 0.0 
0.0 0.0 
0.0 0.0 
0.0 0.0 
0.0 0.0 
0.0 0.0 
0.0 0.0 
0.0 0.0 
0.0 0.0 
0.0 0.0 
0.0 0.0 
0.0 -3.0 
0.0 0.059403 
0.0 0.0 
0.0 0.0 
0.0 0.0 
0.3587852317595 -3.0 
0.41661409150166717 -1.8005376103812047 
0.4392116727047154 0.0 
0.0 0.0 
0.0 0.0 
0.0 0.0 
0.49986513919720466 -3.0 
0.49971803956330196 -1.3096563765855154 
0.4997462356069718 -1.3097424813169116 
0.0 0.0 
0.0 0.0 
0.0 0.0 
0.4999996306260453 -3.0 
0.49999869215536263 -3.0 
0.4999992277308201 -1.7592552338676233 
0.0 0.0 
0.0 0.0 
0.0 0.0 
0.4983093040432387 -3.0 
0.49681865727943203 -3.0 
0.4979127210410354 -2.3166401979567692 
0.0 0.0 
0.0 0.0 
0.0 0.0 
0.49985015466356075 -3.0 
0.49910149485004285 -0.11479237983787827 
0.4997462356069718 -0.4130457167979325 
0.0 0.0 
0.0 0.0 
0.0 0.0 
0.0 0.0 
0.0 0.0 
0.0 0.0 
0.0 0.0 
0.0 0.0 
0.0 0.0 
0.0 0.0 
0.0 0.0 
0.03333333333333333 0.0 
0.0 0.0 
0.0 0.0 
0.0 0.0 
0.15618633333333332 0.0 
0.2171071866333333 0.1155123610413 
0.18984426333333332 0.0 
0.0 0.0 
0.0 0.0 
0.0 0.0 
0.3230322818724558 -3.0 
0.3272506654561998 -3.0 
0.33097678316994966 0.30924766198135156 
0.0 0.0 
0.0 0.0 
0.0 0.0 
0.3333104801289195 -3.0 
0.33330511950072367 -1.8108507347597143 
0.3332946312309881 -3.0 
0.0 0.0 
0.0 0.0 
0.0 0.0 
0.3230322818724558 -3.0 
0.32498948165002256 -3.0 
0.32974157877856475 -2.3451746664195188 
0.0 0.0 
0.0 0.0 
0.0 0.0 
0.329342494939146 -3.0 
0.3258238668183536 -2.3560397716993275 
0.31920294724159465 -3.0 
0.0 0.0 
0.0 0.0 
0.0 0.0 
0.0 0.0 
0.0 0.0 
0.0 0.0 
0.0 0.0 
0.0 0.0 
0.0 0.0 
0.0 0.0 
0.0 0.0 
0.0 0.0 
0.0 0.0 
0.0 0.0 
0.0 0.0 
0.0 -3.0 
0.0 0.0 
0.025 0.0 
0.0 0.0 
0.0 0.0 
0.0 0.0 
0.15314487775000002 -3.0 
0.1715473509775 -3.0 
0.17939261587975 0.0 
0.0 0.0 
0.0 0.0 
0.0 0.0 
0.23384729527693332 -3.0 
0.2320525503077037 -1.8492132519431976 
0.19280801886259752 -3.0 
0.0 0.0 
0.0 0.0 
0.0 0.0 
0.203674495278704 -3.0 
0.1715473509775 0.04750655250000001 
0.14238319750000003 -3.0 
0.0 0.0 
0.0 0.0 
0.0 0.0 
0.1715473509775 -3.0 
0.10237750000000001 -3.0 
0.11713975000000001 -3.0 
0.0 0.0 
0.0 0.0 
0.0 0.0 
0.0 0.0 
0.0 0.0 
0.0 0.0 
0.0 0.0 
0.0 0.0 
0.0 0.0 
0.0 0.0 
0.0 0.0 
0.0 0.0 
0.0 0.0 
0.0 0.0 
0.0 0.0 
0.0 0.0 
0.0 0.0 
0.0 0.0 
0.0 0.0 
0.0 0.0 
0.0 0.0 
0.0 -3.0 
0.020000000000000004 0.0 
0.06878000000000001 0.0 
0.0 0.0 
0.0 0.0 
0.0 0.0 
0.1225159022 -3.0 
0.10434062000000001 -3.0 
0.06878000000000001 -1.89946842 
0.0 0.0 
0.0 0.0 
0.0 0.0 
0.05420000000000001 0.0 
0.09371180000000001 0.0 
0.06878000000000001 0.0 
0.0 0.0 
0.0 0.0 
0.0 0.0 
0.06878000000000001 0.0 
0.0 0.0 
0.0 0.0 
0.0 0.0 
0.0 0.0 
0.0 0.0 
0.0 0.0 
0.0 0.0 
0.0 0.0 
0.0 0.0 
0.0 0.0 
0.0 0.0 
0.0 0.0 
0.0 0.0 
0.0 0.0 
0.0 0.0 
0.0 0.0 
0.0 0.0 
0.0 0.0 
0.0 0.0 
0.0 0.0 
0.0 0.0 
0.0 0.0 
0.0 0.0 
0.0 0.0 
0.0 0.0 
0.0 0.0 
0.0 0.0 
0.0 0.0 
0.0 0.0 
0.0 0.0 
0.0 0.0 
0.0 0.0 
0.0 0.0 
0.0 0.0 
0.0 0.0 
0.0 0.0 
0.0 0.0 
0.0 0.0 
0.0 0.0 
0.0 0.0 
0.0 0.0 
0.0 0.0 
0.0 0.0 
0.0 0.0 
0.0 0.0 
0.0 0.0 
