0.0 0.0 
0.0 0.0 
0.0 0.0 
0.0 0.0 
0.0 0.0 
0.0 0.0 
0.0 0.0 
0.1 0.0 
0.1 0.0 
0.1 0.0 
0.0 0.0 
0.0 0.0 
0.0 0.0 
0.7458134171671 0.0 
0.7941088679053511 0.0 
0.717570463519 0.0 
0.0 0.0 
0.0 0.0 
0.0 0.0 
0.9983826907300771 0.0 
0.9986899794913624 0.0 
0.9983826907300771 0.0 
0.0 0.0 
0.0 0.0 
0.0 0.0 
0.9999825730661898 0.0 
0.9999825730661898 0.0 
0.9999843157595708 0.0 
0.0 0.0 
0.0 0.0 
0.0 0.0 
0.9576088417247839 0.0 
0.9929303495098489 0.0 
0.9817519963685992 0.0 
0.0 0.0 
0.0 0.0 
0.0 0.0 
0.9995889016832943 0.0 
0.9994924712139436 0.0 
0.9999314403867587 0.0 
0.0 0.0 
0.0 0.0 
0.0 0.0 
0.0 0.0 
0.0 0.0 
0.0 0.0 
0.0 0.0 
0.0 0.0 
0.0 0.0 
0.0 0.0 
0.0 -3.0 
0.0 0.03 
0.0 0.0 
0.0 0.0 
0.0 0.0 
0.26085155000000004 -3.0 
0.23427950000000003 0.05940345000000001 
0.42495268235150047 0.0 
0.0 0.0 
0.0 0.0 
0.0 0.0 
0.49742311239633996 0.0 
0.4933486026763544 0.17660077367173493 
0.4956360182159561 -0.9516487752779201 
0.0 0.0 
0.0 0.0 
0.0 0.0 
0.4997462356069718 -3.0 
0.4998335051817342 -0.6510547275561612 
0.49989076274973576 -3.0 
0.0 0.0 
0.0 0.0 
0.0 0.0 
0.4556853094017375 -3.0 
0.473832618348632 0.23044709997523216 
0.46769459055386664 -2.383755 
0.0 0.0 
0.0 0.0 
0.0 0.0 
0.4960724163943605 -3.0 
0.4860935805278153 -0.28395465534478037 
0.4908759981842996 -2.3168779977297436 
0.0 0.0 
0.0 0.0 
0.0 0.0 
0.0 0.0 
0.0 0.0 
0.0 0.0 
0.0 0.0 
0.0 0.0 
0.0 0.0 
0.0 0.0 
0.0 0.0 
0.03333333333333333 0.0 
0.0 0.0 
0.0 0.0 
0.0 0.0 
0.11463333333333332 0.0 
0.15618633333333332 0.0 
0.1365033333333333 0.0 
0.0 0.0 
0.0 0.0 
0.0 0.0 
0.2777427276677781 -3.0 
0.30050763659387963 -3.0 
0.31763290434251257 0.1838224923181845 
0.0 0.0 
0.0 0.0 
0.0 0.0 
0.33121243818628804 -3.0 
0.3301007542340416 -3.0 
0.33220620269549245 -3.0 
0.0 0.0 
0.0 0.0 
0.0 0.0 
0.30050763659387963 -3.0 
0.303790206267825 0.0 
0.3117963937025778 0.07930014520926396 
0.0 0.0 
0.0 0.0 
0.0 0.0 
0.29686033695616254 -3.0 
0.28830494274423357 -2.3560397716993275 
0.2570773584834633 -3.0 
0.0 0.0 
0.0 0.0 
0.0 0.0 
0.0 0.0 
0.0 0.0 
0.0 0.0 
0.0 0.0 
0.0 0.0 
0.0 0.0 
0.0 0.0 
0.0 0.0 
0.0 0.0 
0.0 0.0 
0.0 0.0 
0.0 0.0 
0.0 0.0 
0.0 0.0 
0.0 0.0 
0.0 0.0 
0.0 0.0 
0.0 0.0 
0.0475 -3.0 
0.11713975000000001 0.0 
0.13042577500000002 0.0 
0.0 0.0 
0.0 0.0 
0.0 0.0 
0.19852721697633777 -3.0 
0.16283038997500002 -3.0 
0.0475 0.41460250860625086 
0.0 0.0 
0.0 0.0 
0.0 0.0 
0.14238319750000003 -3.0 
0.10237750000000001 0.0 
0.08597500000000001 -3.0 
0.0 0.0 
0.0 0.0 
0.0 0.0 
0.14238319750000003 -3.0 
0.06775 -2.4000000000000004 
0.06775 -3.0 
0.0 0.0 
0.0 0.0 
0.0 0.0 
0.0 0.0 
0.0 0.0 
0.0 0.0 
0.0 0.0 
0.0 0.0 
0.0 0.0 
0.0 0.0 
0.0 0.0 
0.0 0.0 
0.0 0.0 
0.0 0.0 
0.0 0.0 
0.0 0.0 
0.0 0.0 
0.0 0.0 
0.0 0.0 
0.0 0.0 
0.0 0.0 
0.0 -3.0 
0.020000000000000004 0.0 
0.038000000000000006 0.0 
0.0 0.0 
0.0 0.0 
0.0 0.0 
0.081902 -3.0 
0.06878000000000001 -3.0 
0.020000000000000004 -3.0 
0.0 0.0 
0.0 0.0 
0.0 0.0 
0.0 0.0 
0.05420000000000001 0.0 
0.038000000000000006 0.0 
0.0 0.0 
0.0 0.0 
0.0 0.0 
0.038000000000000006 0.0 
0.0 0.0 
0.0 0.0 
0.0 0.0 
0.0 0.0 
0.0 0.0 
0.0 0.0 
0.0 0.0 
0.0 0.0 
0.0 0.0 
0.0 0.0 
0.0 0.0 
0.0 0.0 
0.0 0.0 
0.0 0.0 
0.0 0.0 
0.0 0.0 
0.0 0.0 
0.0 0.0 
0.0 0.0 
0.0 0.0 
0.0 0.0 
0.0 0.0 
0.0 0.0 
0.0 0.0 
0.0 0.0 
0.0 0.0 
0.0 0.0 
0.0 0.0 
0.0 0.0 
0.0 0.0 
0.0 0.0 
0.0 0.0 
0.0 0.0 
0.0 0.0 
0.0 0.0 
0.0 0.0 
0.0 0.0 
0.0 0.0 
0.0 0.0 
0.0 0.0 
0.0 0.0 
0.0 0.0 
0.0 0.0 
0.0 0.0 
0.0 0.0 
0.0 0.0 
